3.3333333333e-01 3.3333333333e-01 3.3333333333e-01
0.0000000000e+00 0.0000000000e+00 1.0000000000e+00
1.0000000000e+00 0.0000000000e+00 0.0000000000e+00
0.0000000000e+00 1.0000000000e+00 0.0000000000e+00
6.5625000000e-01 0.0000000000e+00 3.4375000000e-01
3.4375000000e-01 6.5625000000e-01 0.0000000000e+00
0.0000000000e+00 3.4375000000e-01 6.5625000000e-01
3.7500000000e-01 0.0000000000e+00 6.2500000000e-01
6.2500000000e-01 3.7500000000e-01 0.0000000000e+00
0.0000000000e+00 6.2500000000e-01 3.7500000000e-01
5.4687500000e-01 2.1875000000e-01 2.3437500000e-01
2.3437500000e-01 5.4687500000e-01 2.1875000000e-01
2.1875000000e-01 2.3437500000e-01 5.4687500000e-01
4.3750000000e-01 1.2500000000e-01 4.3750000000e-01
4.3750000000e-01 4.3750000000e-01 1.2500000000e-01
1.2500000000e-01 4.3750000000e-01 4.3750000000e-01
1.5625000000e-02 7.8125000000e-01 2.0312500000e-01
2.0312500000e-01 1.5625000000e-02 7.8125000000e-01
7.8125000000e-01 2.0312500000e-01 1.5625000000e-02
1.7187500000e-01 7.1875000000e-01 1.0937500000e-01
1.0937500000e-01 1.7187500000e-01 7.1875000000e-01
7.1875000000e-01 1.0937500000e-01 1.7187500000e-01
8.7500000000e-01 0.0000000000e+00 1.2500000000e-01
1.2500000000e-01 8.7500000000e-01 0.0000000000e+00
0.0000000000e+00 1.2500000000e-01 8.7500000000e-01
5.0000000000e-01 0.0000000000e+00 5.0000000000e-01
5.0000000000e-01 5.0000000000e-01 0.0000000000e+00
0.0000000000e+00 5.0000000000e-01 5.0000000000e-01
1.0937500000e-01 5.9375000000e-01 2.9687500000e-01
2.9687500000e-01 1.0937500000e-01 5.9375000000e-01
5.9375000000e-01 2.9687500000e-01 1.0937500000e-01
7.8125000000e-01 0.0000000000e+00 2.1875000000e-01
2.1875000000e-01 7.8125000000e-01 0.0000000000e+00
0.0000000000e+00 2.1875000000e-01 7.8125000000e-01
8.5937500000e-01 9.3750000000e-02 4.6875000000e-02
4.6875000000e-02 8.5937500000e-01 9.3750000000e-02
9.3750000000e-02 4.6875000000e-02 8.5937500000e-01
9.3750000000e-02 3.7500000000e-01 5.3125000000e-01
5.3125000000e-01 9.3750000000e-02 3.7500000000e-01
3.7500000000e-01 5.3125000000e-01 9.3750000000e-02
4.8437500000e-01 3.4375000000e-01 1.7187500000e-01
1.7187500000e-01 4.8437500000e-01 3.4375000000e-01
3.4375000000e-01 1.7187500000e-01 4.8437500000e-01
2.8125000000e-01 0.0000000000e+00 7.1875000000e-01
2.1875000000e-01 6.2500000000e-01 1.5625000000e-01
7.1875000000e-01 2.8125000000e-01 0.0000000000e+00
1.5625000000e-01 2.1875000000e-01 6.2500000000e-01
0.0000000000e+00 7.1875000000e-01 2.8125000000e-01
6.2500000000e-01 1.5625000000e-01 2.1875000000e-01
1.8750000000e-01 1.2500000000e-01 6.8750000000e-01
