2.5000000000e-01 2.5000000000e-01 2.5000000000e-01 2.5000000000e-01
1.0000000000e+00 0.0000000000e+00 0.0000000000e+00 0.0000000000e+00
0.0000000000e+00 1.0000000000e+00 0.0000000000e+00 0.0000000000e+00
0.0000000000e+00 0.0000000000e+00 1.0000000000e+00 0.0000000000e+00
0.0000000000e+00 0.0000000000e+00 0.0000000000e+00 1.0000000000e+00
3.1250000000e-02 6.2500000000e-01 0.0000000000e+00 3.4375000000e-01
3.4375000000e-01 3.1250000000e-02 6.2500000000e-01 0.0000000000e+00
5.0000000000e-01 0.0000000000e+00 0.0000000000e+00 5.0000000000e-01
5.0000000000e-01 5.0000000000e-01 0.0000000000e+00 0.0000000000e+00
0.0000000000e+00 5.0000000000e-01 5.0000000000e-01 0.0000000000e+00
0.0000000000e+00 0.0000000000e+00 5.0000000000e-01 5.0000000000e-01
6.2500000000e-02 1.8750000000e-01 1.2500000000e-01 6.2500000000e-01
6.2500000000e-01 6.2500000000e-02 1.8750000000e-01 1.2500000000e-01
1.8750000000e-01 6.8750000000e-01 1.2500000000e-01 0.0000000000e+00
0.0000000000e+00 1.8750000000e-01 6.8750000000e-01 1.2500000000e-01
3.7500000000e-01 0.0000000000e+00 2.5000000000e-01 3.7500000000e-01
3.7500000000e-01 3.7500000000e-01 0.0000000000e+00 2.5000000000e-01
2.5000000000e-01 3.7500000000e-01 3.7500000000e-01 0.0000000000e+00
0.0000000000e+00 2.5000000000e-01 3.7500000000e-01 3.7500000000e-01
2.5000000000e-01 0.0000000000e+00 5.0000000000e-01 2.5000000000e-01
0.0000000000e+00 5.0000000000e-01 2.5000000000e-01 2.5000000000e-01
2.5781250000e-01 2.4218750000e-01 4.6875000000e-02 4.5312500000e-01
4.5312500000e-01 2.5781250000e-01 2.4218750000e-01 4.6875000000e-02
3.9062500000e-03 3.9062500000e-03 3.0468750000e-01 6.8750000000e-01
6.8750000000e-01 3.9062500000e-03 3.9062500000e-03 3.0468750000e-01
1.5625000000e-01 4.6875000000e-02 1.5625000000e-02 7.8125000000e-01
7.8125000000e-01 1.5625000000e-01 4.6875000000e-02 1.5625000000e-02
6.2500000000e-02 4.1015625000e-01 9.7656250000e-02 4.2968750000e-01
4.2968750000e-01 6.2500000000e-02 4.1015625000e-01 9.7656250000e-02
1.3671875000e-01 2.3437500000e-02 7.9687500000e-01 4.2968750000e-02
2.3437500000e-02 7.9687500000e-01 4.2968750000e-02 1.3671875000e-01
1.5625000000e-01 8.5937500000e-02 2.7343750000e-01 4.8437500000e-01
4.8437500000e-01 1.5625000000e-01 8.5937500000e-02 2.7343750000e-01
2.7343750000e-01 4.8437500000e-01 1.5625000000e-01 8.5937500000e-02
8.5937500000e-02 2.7343750000e-01 4.8437500000e-01 1.5625000000e-01
5.8593750000e-01 2.5781250000e-01 4.6875000000e-02 1.0937500000e-01
2.5781250000e-01 4.6875000000e-02 1.0937500000e-01 5.8593750000e-01
1.9140625000e-01 4.9609375000e-01 7.8125000000e-03 3.0468750000e-01
3.0468750000e-01 1.9140625000e-01 4.9609375000e-01 7.8125000000e-03
9.3750000000e-02 6.1328125000e-01 1.1328125000e-01 1.7968750000e-01
1.7968750000e-01 9.3750000000e-02 6.1328125000e-01 1.1328125000e-01
0.0000000000e+00 1.6406250000e-01 7.8125000000e-03 8.2812500000e-01
8.2812500000e-01 0.0000000000e+00 1.6406250000e-01 7.8125000000e-03
0.0000000000e+00 3.4375000000e-01 3.1250000000e-02 6.2500000000e-01
6.2500000000e-01 0.0000000000e+00 3.4375000000e-01 3.1250000000e-02
4.2968750000e-02 3.9062500000e-02 6.7968750000e-01 2.3828125000e-01
3.9062500000e-02 6.7968750000e-01 2.3828125000e-01 4.2968750000e-02
1.4062500000e-01 3.9843750000e-01 3.2031250000e-01 1.4062500000e-01
1.4062500000e-01 1.4062500000e-01 3.9843750000e-01 3.2031250000e-01
1.2500000000e-01 2.5000000000e-01 2.5000000000e-01 3.7500000000e-01
3.7500000000e-01 1.2500000000e-01 2.5000000000e-01 2.5000000000e-01
0.0000000000e+00 2.5000000000e-01 2.5000000000e-01 5.0000000000e-01
2.5000000000e-01 3.7500000000e-01 1.2500000000e-01 2.5000000000e-01
5.0000000000e-01 0.0000000000e+00 2.5000000000e-01 2.5000000000e-01
2.5000000000e-01 2.5000000000e-01 3.7500000000e-01 1.2500000000e-01
4.0625000000e-01 3.7500000000e-01 1.2500000000e-01 9.3750000000e-02
3.7500000000e-01 1.2500000000e-01 9.3750000000e-02 4.0625000000e-01
3.5546875000e-01 5.7031250000e-01 2.3437500000e-02 5.0781250000e-02
5.0781250000e-02 3.5546875000e-01 5.7031250000e-01 2.3437500000e-02
6.8750000000e-01 1.2500000000e-01 0.0000000000e+00 1.8750000000e-01
1.2500000000e-01 0.0000000000e+00 1.8750000000e-01 6.8750000000e-01
1.9531250000e-02 1.7968750000e-01 5.3125000000e-01 2.6953125000e-01
1.7968750000e-01 5.3125000000e-01 2.6953125000e-01 1.9531250000e-02
1.1718750000e-01 0.0000000000e+00 5.4687500000e-01 3.3593750000e-01
0.0000000000e+00 5.4687500000e-01 3.3593750000e-01 1.1718750000e-01
1.4062500000e-01 3.3593750000e-01 7.8125000000e-03 5.1562500000e-01
5.1562500000e-01 1.4062500000e-01 3.3593750000e-01 7.8125000000e-03
2.0703125000e-01 1.7968750000e-01 2.3437500000e-02 5.8984375000e-01
5.8984375000e-01 2.0703125000e-01 1.7968750000e-01 2.3437500000e-02
3.4375000000e-01 2.5000000000e-01 1.2500000000e-01 2.8125000000e-01
2.8125000000e-01 3.4375000000e-01 2.5000000000e-01 1.2500000000e-01
1.2500000000e-01 2.8125000000e-01 3.4375000000e-01 2.5000000000e-01
2.5000000000e-01 1.2500000000e-01 2.8125000000e-01 3.4375000000e-01
3.7109375000e-01 6.2500000000e-02 7.8125000000e-03 5.5859375000e-01
5.5859375000e-01 3.7109375000e-01 6.2500000000e-02 7.8125000000e-03
5.8593750000e-02 8.7109375000e-01 6.2500000000e-02 7.8125000000e-03
7.8125000000e-03 5.8593750000e-02 8.7109375000e-01 6.2500000000e-02
1.2500000000e-01 4.3750000000e-01 1.8750000000e-01 2.5000000000e-01
2.5000000000e-01 1.2500000000e-01 4.3750000000e-01 1.8750000000e-01
3.5156250000e-02 5.3515625000e-01 1.1718750000e-01 3.1250000000e-01
3.1250000000e-01 3.5156250000e-02 5.3515625000e-01 1.1718750000e-01
1.9531250000e-01 2.9687500000e-01 4.8437500000e-01 2.3437500000e-02
2.9687500000e-01 4.8437500000e-01 2.3437500000e-02 1.9531250000e-01
2.3437500000e-02 1.4062500000e-01 3.4375000000e-01 4.9218750000e-01
4.9218750000e-01 2.3437500000e-02 1.4062500000e-01 3.4375000000e-01
0.0000000000e+00 1.2500000000e-01 1.2500000000e-01 7.5000000000e-01
7.5000000000e-01 0.0000000000e+00 1.2500000000e-01 1.2500000000e-01
3.3593750000e-01 0.0000000000e+00 1.7187500000e-01 4.9218750000e-01
4.9218750000e-01 3.3593750000e-01 0.0000000000e+00 1.7187500000e-01
4.6875000000e-02 3.9843750000e-01 4.2968750000e-01 1.2500000000e-01
1.2500000000e-01 4.6875000000e-02 3.9843750000e-01 4.2968750000e-01
8.7109375000e-01 6.2500000000e-02 7.8125000000e-03 5.8593750000e-02
6.2500000000e-02 7.8125000000e-03 5.8593750000e-02 8.7109375000e-01
2.2656250000e-01 2.5781250000e-01 1.5625000000e-01 3.5937500000e-01
3.5937500000e-01 2.2656250000e-01 2.5781250000e-01 1.5625000000e-01
9.3750000000e-02 2.8125000000e-01 1.2500000000e-01 5.0000000000e-01
5.0000000000e-01 9.3750000000e-02 2.8125000000e-01 1.2500000000e-01
3.9062500000e-03 3.0468750000e-01 6.8750000000e-01 3.9062500000e-03
3.0468750000e-01 6.8750000000e-01 3.9062500000e-03 3.9062500000e-03
2.4218750000e-01 1.2890625000e-01 1.8359375000e-01 4.4531250000e-01
4.4531250000e-01 2.4218750000e-01 1.2890625000e-01 1.8359375000e-01
3.1250000000e-02 5.9375000000e-01 3.7500000000e-01 0.0000000000e+00
0.0000000000e+00 3.1250000000e-02 5.9375000000e-01 3.7500000000e-01
3.9062500000e-02 9.3750000000e-02 2.6562500000e-01 6.0156250000e-01
6.0156250000e-01 3.9062500000e-02 9.3750000000e-02 2.6562500000e-01
3.9062500000e-02 4.5312500000e-01 0.0000000000e+00 5.0781250000e-01
5.0781250000e-01 3.9062500000e-02 4.5312500000e-01 0.0000000000e+00
4.6875000000e-01 1.5625000000e-01 0.0000000000e+00 3.7500000000e-01
3.7500000000e-01 4.6875000000e-01 1.5625000000e-01 0.0000000000e+00
1.5625000000e-02 7.8125000000e-01 1.5625000000e-01 4.6875000000e-02
4.6875000000e-02 1.5625000000e-02 7.8125000000e-01 1.5625000000e-01
3.4375000000e-01 2.5000000000e-01 3.7500000000e-01 3.1250000000e-02
3.1250000000e-02 3.4375000000e-01 2.5000000000e-01 3.7500000000e-01
3.7500000000e-01 3.1250000000e-02 3.4375000000e-01 2.5000000000e-01
2.5000000000e-01 3.7500000000e-01 3.1250000000e-02 3.4375000000e-01
1.4062500000e-01 9.3750000000e-02 1.8750000000e-01 5.7812500000e-01
5.7812500000e-01 1.4062500000e-01 9.3750000000e-02 1.8750000000e-01
1.8750000000e-01 5.7812500000e-01 1.4062500000e-01 9.3750000000e-02
9.3750000000e-02 1.8750000000e-01 5.7812500000e-01 1.4062500000e-01
4.2968750000e-02 5.9375000000e-01 2.2656250000e-01 1.3671875000e-01
1.3671875000e-01 4.2968750000e-02 5.9375000000e-01 2.2656250000e-01
2.0703125000e-01 1.7968750000e-01 5.3125000000e-01 8.2031250000e-02
1.7968750000e-01 5.3125000000e-01 8.2031250000e-02 2.0703125000e-01
7.3437500000e-01 7.8125000000e-02 1.5625000000e-01 3.1250000000e-02
7.8125000000e-02 1.5625000000e-01 3.1250000000e-02 7.3437500000e-01
1.2500000000e-01 5.0000000000e-01 2.5000000000e-01 1.2500000000e-01
1.2500000000e-01 1.2500000000e-01 5.0000000000e-01 2.5000000000e-01
1.2500000000e-01 7.5000000000e-01 0.0000000000e+00 1.2500000000e-01
1.2500000000e-01 1.2500000000e-01 7.5000000000e-01 0.0000000000e+00
2.7343750000e-02 4.0234375000e-01 3.1250000000e-01 2.5781250000e-01
2.5781250000e-01 2.7343750000e-02 4.0234375000e-01 3.1250000000e-01
2.3828125000e-01 4.2968750000e-02 3.9062500000e-02 6.7968750000e-01
6.7968750000e-01 2.3828125000e-01 4.2968750000e-02 3.9062500000e-02
3.8281250000e-01 7.8125000000e-02 5.0000000000e-01 3.9062500000e-02
7.8125000000e-02 5.0000000000e-01 3.9062500000e-02 3.8281250000e-01
5.5859375000e-01 1.8750000000e-01 7.8125000000e-03 2.4609375000e-01
1.8750000000e-01 7.8125000000e-03 2.4609375000e-01 5.5859375000e-01
1.7187500000e-01 6.5625000000e-01 6.2500000000e-02 1.0937500000e-01
1.0937500000e-01 1.7187500000e-01 6.5625000000e-01 6.2500000000e-02
1.7968750000e-01 2.0312500000e-01 4.0625000000e-01 2.1093750000e-01
2.0312500000e-01 4.0625000000e-01 2.1093750000e-01 1.7968750000e-01
2.1875000000e-01 0.0000000000e+00 6.2500000000e-01 1.5625000000e-01
0.0000000000e+00 6.2500000000e-01 1.5625000000e-01 2.1875000000e-01
1.1718750000e-02 3.2031250000e-01 4.5312500000e-01 2.1484375000e-01
2.1484375000e-01 1.1718750000e-02 3.2031250000e-01 4.5312500000e-01
2.4609375000e-01 5.5859375000e-01 1.8750000000e-01 7.8125000000e-03
7.8125000000e-03 2.4609375000e-01 5.5859375000e-01 1.8750000000e-01
6.5234375000e-01 7.0312500000e-02 2.4218750000e-01 3.5156250000e-02
7.0312500000e-02 2.4218750000e-01 3.5156250000e-02 6.5234375000e-01
4.6875000000e-02 2.1875000000e-01 4.3750000000e-01 2.9687500000e-01
2.1875000000e-01 4.3750000000e-01 2.9687500000e-01 4.6875000000e-02
3.1640625000e-01 1.2109375000e-01 7.0312500000e-02 4.9218750000e-01
4.9218750000e-01 3.1640625000e-01 1.2109375000e-01 7.0312500000e-02
1.7187500000e-01 3.1250000000e-01 4.0625000000e-01 1.0937500000e-01
1.0937500000e-01 1.7187500000e-01 3.1250000000e-01 4.0625000000e-01
4.1406250000e-01 8.5937500000e-02 1.7187500000e-01 3.2812500000e-01
3.1250000000e-01 4.0625000000e-01 1.0937500000e-01 1.7187500000e-01
2.6562500000e-01 6.0156250000e-01 3.9062500000e-02 9.3750000000e-02
2.3437500000e-02 5.0781250000e-02 3.5546875000e-01 5.7031250000e-01
9.3750000000e-02 2.6562500000e-01 6.0156250000e-01 3.9062500000e-02
5.7031250000e-01 2.3437500000e-02 5.0781250000e-02 3.5546875000e-01
6.8750000000e-01 1.8750000000e-01 1.2500000000e-01 0.0000000000e+00
0.0000000000e+00 6.8750000000e-01 1.8750000000e-01 1.2500000000e-01
1.2500000000e-01 0.0000000000e+00 6.8750000000e-01 1.8750000000e-01
1.8750000000e-01 1.2500000000e-01 0.0000000000e+00 6.8750000000e-01
1.4453125000e-01 4.2578125000e-01 2.3437500000e-02 4.0625000000e-01
4.0625000000e-01 1.4453125000e-01 4.2578125000e-01 2.3437500000e-02
6.2500000000e-02 5.0000000000e-01 3.7500000000e-01 6.2500000000e-02
6.2500000000e-02 6.2500000000e-02 5.0000000000e-01 3.7500000000e-01
3.4375000000e-01 4.9218750000e-01 5.4687500000e-02 1.0937500000e-01
1.0937500000e-01 3.4375000000e-01 4.9218750000e-01 5.4687500000e-02
4.1796875000e-01 2.8906250000e-01 1.7968750000e-01 1.1328125000e-01
2.8906250000e-01 1.7968750000e-01 1.1328125000e-01 4.1796875000e-01
4.6093750000e-01 4.2187500000e-01 7.8125000000e-02 3.9062500000e-02
4.2187500000e-01 7.8125000000e-02 3.9062500000e-02 4.6093750000e-01
1.4062500000e-01 3.9062500000e-02 1.0156250000e-01 7.1875000000e-01
1.0156250000e-01 7.1875000000e-01 1.4062500000e-01 3.9062500000e-02
3.9062500000e-02 1.0156250000e-01 7.1875000000e-01 1.4062500000e-01
7.1875000000e-01 1.4062500000e-01 3.9062500000e-02 1.0156250000e-01
3.5156250000e-02 6.5234375000e-01 7.0312500000e-02 2.4218750000e-01
2.4218750000e-01 3.5156250000e-02 6.5234375000e-01 7.0312500000e-02
1.3671875000e-01 2.2656250000e-01 1.7968750000e-01 4.5703125000e-01
4.5703125000e-01 1.3671875000e-01 2.2656250000e-01 1.7968750000e-01
1.2500000000e-01 5.0000000000e-01 9.3750000000e-02 2.8125000000e-01
2.8125000000e-01 1.2500000000e-01 5.0000000000e-01 9.3750000000e-02
0.0000000000e+00 3.8281250000e-01 1.6406250000e-01 4.5312500000e-01
4.5312500000e-01 0.0000000000e+00 3.8281250000e-01 1.6406250000e-01
1.7968750000e-01 3.0078125000e-01 2.3046875000e-01 2.8906250000e-01
2.8906250000e-01 1.7968750000e-01 3.0078125000e-01 2.3046875000e-01
6.2500000000e-02 1.0937500000e-01 1.7187500000e-01 6.5625000000e-01
6.5625000000e-01 6.2500000000e-02 1.0937500000e-01 1.7187500000e-01
3.2812500000e-01 6.2500000000e-02 2.8125000000e-01 3.2812500000e-01
3.2812500000e-01 3.2812500000e-01 6.2500000000e-02 2.8125000000e-01
2.8125000000e-01 3.2812500000e-01 3.2812500000e-01 6.2500000000e-02
6.2500000000e-02 2.8125000000e-01 3.2812500000e-01 3.2812500000e-01
1.7187500000e-01 2.4218750000e-01 8.5937500000e-02 5.0000000000e-01
5.0000000000e-01 1.7187500000e-01 2.4218750000e-01 8.5937500000e-02
0.0000000000e+00 5.0781250000e-01 3.9062500000e-02 4.5312500000e-01
4.5312500000e-01 0.0000000000e+00 5.0781250000e-01 3.9062500000e-02
5.7812500000e-01 6.2500000000e-02 2.8125000000e-01 7.8125000000e-02
