3.3333333333e-01 3.3333333333e-01 3.3333333333e-01
0.0000000000e+00 0.0000000000e+00 1.0000000000e+00
1.0000000000e+00 0.0000000000e+00 0.0000000000e+00
0.0000000000e+00 1.0000000000e+00 0.0000000000e+00
3.3593750000e-01 0.0000000000e+00 6.6406250000e-01
6.6406250000e-01 3.3593750000e-01 0.0000000000e+00
0.0000000000e+00 6.6406250000e-01 3.3593750000e-01
1.1718750000e-02 3.2031250000e-01 6.6796875000e-01
6.6796875000e-01 1.1718750000e-02 3.2031250000e-01
3.2031250000e-01 6.6796875000e-01 1.1718750000e-02
2.2656250000e-01 2.1875000000e-01 5.5468750000e-01
5.5468750000e-01 2.2656250000e-01 2.1875000000e-01
2.1875000000e-01 5.5468750000e-01 2.2656250000e-01
1.1425781250e-01 4.3164062500e-01 4.5410156250e-01
4.5410156250e-01 1.1425781250e-01 4.3164062500e-01
4.3164062500e-01 4.5410156250e-01 1.1425781250e-01
7.7441406250e-01 1.2695312500e-01 9.8632812500e-02
9.8632812500e-02 7.7441406250e-01 1.2695312500e-01
1.2695312500e-01 9.8632812500e-02 7.7441406250e-01
8.7500000000e-01 0.0000000000e+00 1.2500000000e-01
1.2500000000e-01 8.7500000000e-01 0.0000000000e+00
0.0000000000e+00 1.2500000000e-01 8.7500000000e-01
4.6289062500e-01 0.0000000000e+00 5.3710937500e-01
5.3710937500e-01 4.6289062500e-01 0.0000000000e+00
0.0000000000e+00 5.3710937500e-01 4.6289062500e-01
1.1621093750e-01 5.4199218750e-01 3.4179687500e-01
5.4199218750e-01 3.4179687500e-01 1.1621093750e-01
3.4179687500e-01 1.1621093750e-01 5.4199218750e-01
1.1718750000e-01 0.0000000000e+00 8.8281250000e-01
8.8281250000e-01 1.1718750000e-01 0.0000000000e+00
0.0000000000e+00 8.8281250000e-01 1.1718750000e-01
2.3046875000e-01 3.2031250000e-01 4.4921875000e-01
4.4921875000e-01 2.3046875000e-01 3.2031250000e-01
3.2031250000e-01 4.4921875000e-01 2.3046875000e-01
2.0898437500e-01 6.7968750000e-01 1.1132812500e-01
1.1132812500e-01 2.0898437500e-01 6.7968750000e-01
6.7968750000e-01 1.1132812500e-01 2.0898437500e-01
2.2460937500e-01 4.2968750000e-01 3.4570312500e-01
3.4570312500e-01 2.2460937500e-01 4.2968750000e-01
4.2968750000e-01 3.4570312500e-01 2.2460937500e-01
4.2089843750e-01 5.6835937500e-01 1.0742187500e-02
1.0742187500e-02 4.2089843750e-01 5.6835937500e-01
5.6835937500e-01 1.0742187500e-02 4.2089843750e-01
5.5566406250e-01 1.2695312500e-01 3.1738281250e-01
3.1738281250e-01 5.5566406250e-01 1.2695312500e-01
1.2695312500e-01 3.1738281250e-01 5.5566406250e-01
2.2070312500e-01 1.2500000000e-01 6.5429687500e-01
6.5429687500e-01 2.2070312500e-01 1.2500000000e-01
1.2500000000e-01 6.5429687500e-01 2.2070312500e-01
7.5683593750e-01 2.4023437500e-01 2.9296875000e-03
2.9296875000e-03 7.5683593750e-01 2.4023437500e-01
2.4023437500e-01 2.9296875000e-03 7.5683593750e-01
7.8125000000e-01 0.0000000000e+00 2.1875000000e-01
2.1875000000e-01 7.8125000000e-01 0.0000000000e+00
0.0000000000e+00 2.1875000000e-01 7.8125000000e-01
5.3710937500e-02 9.2773437500e-01 1.8554687500e-02
1.8554687500e-02 5.3710937500e-02 9.2773437500e-01
9.2773437500e-01 1.8554687500e-02 5.3710937500e-02
8.5742187500e-01 7.0312500000e-02 7.2265625000e-02
7.2265625000e-02 8.5742187500e-01 7.0312500000e-02
7.0312500000e-02 7.2265625000e-02 8.5742187500e-01
4.1894531250e-01 7.2265625000e-02 5.0878906250e-01
5.0878906250e-01 4.1894531250e-01 7.2265625000e-02
7.2265625000e-02 5.0878906250e-01 4.1894531250e-01
4.6972656250e-01 3.7695312500e-01 1.5332031250e-01
1.5332031250e-01 4.6972656250e-01 3.7695312500e-01
3.7695312500e-01 1.5332031250e-01 4.6972656250e-01
7.6269531250e-01 7.2265625000e-02 1.6503906250e-01
1.6503906250e-01 7.6269531250e-01 7.2265625000e-02
7.2265625000e-02 1.6503906250e-01 7.6269531250e-01
4.1015625000e-02 5.9375000000e-01 3.6523437500e-01
5.9375000000e-01 3.6523437500e-01 4.1015625000e-02
3.6523437500e-01 4.1015625000e-02 5.9375000000e-01
2.9101562500e-01 9.3750000000e-02 6.1523437500e-01
6.1523437500e-01 2.9101562500e-01 9.3750000000e-02
9.3750000000e-02 6.1523437500e-01 2.9101562500e-01
6.8457031250e-01 2.5976562500e-01 5.5664062500e-02
5.5664062500e-02 6.8457031250e-01 2.5976562500e-01
2.5976562500e-01 5.5664062500e-02 6.8457031250e-01
4.6093750000e-01 5.0000000000e-01 3.9062500000e-02
3.9062500000e-02 4.6093750000e-01 5.0000000000e-01
5.0000000000e-01 3.9062500000e-02 4.6093750000e-01
2.7636718750e-01 6.2304687500e-01 1.0058593750e-01
1.0058593750e-01 2.7636718750e-01 6.2304687500e-01
6.2304687500e-01 1.0058593750e-01 2.7636718750e-01
1.8359375000e-01 5.0781250000e-01 3.0859375000e-01
3.0859375000e-01 1.8359375000e-01 5.0781250000e-01
5.0781250000e-01 3.0859375000e-01 1.8359375000e-01
3.9355468750e-01 5.2929687500e-01 7.7148437500e-02
7.7148437500e-02 3.9355468750e-01 5.2929687500e-01
5.2929687500e-01 7.7148437500e-02 3.9355468750e-01
7.0410156250e-01 1.5820312500e-01 1.3769531250e-01
1.3769531250e-01 7.0410156250e-01 1.5820312500e-01
1.5820312500e-01 1.3769531250e-01 7.0410156250e-01
1.3671875000e-02 8.2031250000e-01 1.6601562500e-01
1.6601562500e-01 1.3671875000e-02 8.2031250000e-01
8.2031250000e-01 1.6601562500e-01 1.3671875000e-02
3.2226562500e-02 2.5195312500e-01 7.1582031250e-01
7.1582031250e-01 3.2226562500e-02 2.5195312500e-01
2.5195312500e-01 7.1582031250e-01 3.2226562500e-02
1.8945312500e-01 6.2500000000e-01 1.8554687500e-01
1.8554687500e-01 1.8945312500e-01 6.2500000000e-01
6.2500000000e-01 1.8554687500e-01 1.8945312500e-01
4.2871093750e-01 1.7773437500e-01 3.9355468750e-01
3.9355468750e-01 4.2871093750e-01 1.7773437500e-01
1.7773437500e-01 3.9355468750e-01 4.2871093750e-01
1.6406250000e-01 3.4375000000e-01 4.9218750000e-01
4.9218750000e-01 1.6406250000e-01 3.4375000000e-01
3.4375000000e-01 4.9218750000e-01 1.6406250000e-01
2.8222656250e-01 2.5195312500e-01 4.6582031250e-01
4.6582031250e-01 2.8222656250e-01 2.5195312500e-01
2.5195312500e-01 4.6582031250e-01 2.8222656250e-01
3.9062500000e-01 2.8125000000e-01 3.2812500000e-01
3.2812500000e-01 3.9062500000e-01 2.8125000000e-01
2.8125000000e-01 3.2812500000e-01 3.9062500000e-01
1.9726562500e-01 2.8125000000e-01 5.2148437500e-01
1.5429687500e-01 5.7031250000e-01 2.7539062500e-01
5.2148437500e-01 1.9726562500e-01 2.8125000000e-01
2.7539062500e-01 1.5429687500e-01 5.7031250000e-01
2.8125000000e-01 5.2148437500e-01 1.9726562500e-01
5.7031250000e-01 2.7539062500e-01 1.5429687500e-01
6.7382812500e-02 7.4414062500e-01 1.8847656250e-01
1.8847656250e-01 6.7382812500e-02 7.4414062500e-01
7.4414062500e-01 1.8847656250e-01 6.7382812500e-02
3.6132812500e-01 5.9375000000e-01 4.4921875000e-02
4.4921875000e-02 3.6132812500e-01 5.9375000000e-01
5.9375000000e-01 4.4921875000e-02 3.6132812500e-01
1.5917968750e-01 2.4804687500e-01 5.9277343750e-01
5.9277343750e-01 1.5917968750e-01 2.4804687500e-01
2.4804687500e-01 5.9277343750e-01 1.5917968750e-01
1.3671875000e-01 8.2031250000e-01 4.2968750000e-02
4.2968750000e-02 1.3671875000e-01 8.2031250000e-01
8.2031250000e-01 4.2968750000e-02 1.3671875000e-01
2.7636718750e-01 4.0527343750e-01 3.1835937500e-01
3.1835937500e-01 2.7636718750e-01 4.0527343750e-01
4.0527343750e-01 3.1835937500e-01 2.7636718750e-01
3.7890625000e-01 2.4218750000e-01 3.7890625000e-01
3.7890625000e-01 3.7890625000e-01 2.4218750000e-01
2.4218750000e-01 3.7890625000e-01 3.7890625000e-01
5.8593750000e-02 7.8125000000e-03 9.3359375000e-01
9.3359375000e-01 5.8593750000e-02 7.8125000000e-03
7.8125000000e-03 9.3359375000e-01 5.8593750000e-02
1.2695312500e-02 5.7226562500e-01 4.1503906250e-01
4.1503906250e-01 1.2695312500e-02 5.7226562500e-01
5.7226562500e-01 4.1503906250e-01 1.2695312500e-02
6.7089843750e-01 6.8359375000e-02 2.6074218750e-01
2.6074218750e-01 6.7089843750e-01 6.8359375000e-02
6.8359375000e-02 2.6074218750e-01 6.7089843750e-01
6.2695312500e-01 0.0000000000e+00 3.7304687500e-01
3.7304687500e-01 6.2695312500e-01 0.0000000000e+00
0.0000000000e+00 3.7304687500e-01 6.2695312500e-01
2.4804687500e-01 5.0781250000e-01 2.4414062500e-01
2.4414062500e-01 2.4804687500e-01 5.0781250000e-01
5.0781250000e-01 2.4414062500e-01 2.4804687500e-01
2.8125000000e-01 0.0000000000e+00 7.1875000000e-01
7.1875000000e-01 2.8125000000e-01 0.0000000000e+00
0.0000000000e+00 7.1875000000e-01 2.8125000000e-01
3.1347656250e-01 6.2695312500e-01 5.9570312500e-02
8.1542968750e-01 1.2304687500e-01 6.1523437500e-02
5.9570312500e-02 3.1347656250e-01 6.2695312500e-01
6.1523437500e-02 8.1542968750e-01 1.2304687500e-01
6.2695312500e-01 5.9570312500e-02 3.1347656250e-01
1.2304687500e-01 6.1523437500e-02 8.1542968750e-01
7.1679687500e-01 7.0312500000e-02 2.1289062500e-01
2.1289062500e-01 7.1679687500e-01 7.0312500000e-02
7.0312500000e-02 2.1289062500e-01 7.1679687500e-01
1.7187500000e-01 7.1875000000e-01 1.0937500000e-01
1.0937500000e-01 1.7187500000e-01 7.1875000000e-01
7.1875000000e-01 1.0937500000e-01 1.7187500000e-01
3.7695312500e-01 5.0000000000e-01 1.2304687500e-01
1.2304687500e-01 3.7695312500e-01 5.0000000000e-01
5.0000000000e-01 1.2304687500e-01 3.7695312500e-01
8.3593750000e-01 0.0000000000e+00 1.6406250000e-01
1.6406250000e-01 8.3593750000e-01 0.0000000000e+00
0.0000000000e+00 1.6406250000e-01 8.3593750000e-01
5.0000000000e-01 0.0000000000e+00 5.0000000000e-01
3.7500000000e-01 0.0000000000e+00 6.2500000000e-01
5.0000000000e-01 5.0000000000e-01 0.0000000000e+00
6.2500000000e-01 3.7500000000e-01 0.0000000000e+00
0.0000000000e+00 5.0000000000e-01 5.0000000000e-01
0.0000000000e+00 6.2500000000e-01 3.7500000000e-01
6.3867187500e-01 3.2031250000e-01 4.1015625000e-02
4.1015625000e-02 6.3867187500e-01 3.2031250000e-01
3.2031250000e-01 4.1015625000e-02 6.3867187500e-01
2.2558593750e-01 1.7773437500e-01 5.9667968750e-01
5.9667968750e-01 2.2558593750e-01 1.7773437500e-01
1.7773437500e-01 5.9667968750e-01 2.2558593750e-01
1.7773437500e-01 4.2968750000e-01 3.9257812500e-01
3.9257812500e-01 1.7773437500e-01 4.2968750000e-01
4.2968750000e-01 3.9257812500e-01 1.7773437500e-01
7.1093750000e-01 0.0000000000e+00 2.8906250000e-01
2.8906250000e-01 7.1093750000e-01 0.0000000000e+00
0.0000000000e+00 2.8906250000e-01 7.1093750000e-01
3.6035156250e-01 3.4570312500e-01 2.9394531250e-01
2.9394531250e-01 3.6035156250e-01 3.4570312500e-01
3.4570312500e-01 2.9394531250e-01 3.6035156250e-01
6.6210937500e-01 1.7968750000e-01 1.5820312500e-01
1.5820312500e-01 6.6210937500e-01 1.7968750000e-01
1.7968750000e-01 1.5820312500e-01 6.6210937500e-01
5.8984375000e-01 8.9843750000e-02 3.2031250000e-01
8.9843750000e-02 3.2031250000e-01 5.8984375000e-01
3.2031250000e-01 5.8984375000e-01 8.9843750000e-02
5.5664062500e-01 3.7500000000e-01 6.8359375000e-02
6.8359375000e-02 5.5664062500e-01 3.7500000000e-01
3.7500000000e-01 6.8359375000e-02 5.5664062500e-01
2.1191406250e-01 7.5195312500e-01 3.6132812500e-02
3.6132812500e-02 2.1191406250e-01 7.5195312500e-01
7.5195312500e-01 3.6132812500e-02 2.1191406250e-01
5.3320312500e-01 0.0000000000e+00 4.6679687500e-01
4.6679687500e-01 5.3320312500e-01 0.0000000000e+00
0.0000000000e+00 4.6679687500e-01 5.3320312500e-01
9.0820312500e-01 0.0000000000e+00 9.1796875000e-02
9.1796875000e-02 9.0820312500e-01 0.0000000000e+00
0.0000000000e+00 9.1796875000e-02 9.0820312500e-01
5.0585937500e-01 3.7011718750e-01 1.2402343750e-01
1.2402343750e-01 5.0585937500e-01 3.7011718750e-01
3.7011718750e-01 1.2402343750e-01 5.0585937500e-01
4.2382812500e-01 2.1875000000e-01 3.5742187500e-01
3.5742187500e-01 4.2382812500e-01 2.1875000000e-01
2.1875000000e-01 3.5742187500e-01 4.2382812500e-01
1.5625000000e-02 7.8125000000e-01 2.0312500000e-01
2.0312500000e-01 1.5625000000e-02 7.8125000000e-01
7.8125000000e-01 2.0312500000e-01 1.5625000000e-02
5.3515625000e-01 4.2968750000e-01 3.5156250000e-02
3.5156250000e-02 5.3515625000e-01 4.2968750000e-01
4.2968750000e-01 3.5156250000e-02 5.3515625000e-01
4.6679687500e-01 7.0312500000e-02 4.6289062500e-01
2.1484375000e-02 6.7968750000e-01 2.9882812500e-01
4.6289062500e-01 4.6679687500e-01 7.0312500000e-02
2.9882812500e-01 2.1484375000e-02 6.7968750000e-01
7.0312500000e-02 4.6289062500e-01 4.6679687500e-01
6.7968750000e-01 2.9882812500e-01 2.1484375000e-02
1.3085937500e-01 7.4218750000e-01 1.2695312500e-01
1.2695312500e-01 1.3085937500e-01 7.4218750000e-01
7.4218750000e-01 1.2695312500e-01 1.3085937500e-01
9.1796875000e-02 8.2031250000e-01 8.7890625000e-02
8.7890625000e-02 9.1796875000e-02 8.2031250000e-01
8.2031250000e-01 8.7890625000e-02 9.1796875000e-02
4.7265625000e-01 4.2968750000e-01 9.7656250000e-02
9.7656250000e-02 4.7265625000e-01 4.2968750000e-01
4.2968750000e-01 9.7656250000e-02 4.7265625000e-01
4.6582031250e-01 3.2226562500e-01 2.1191406250e-01
2.1191406250e-01 4.6582031250e-01 3.2226562500e-01
3.2226562500e-01 2.1191406250e-01 4.6582031250e-01
1.2890625000e-01 2.4218750000e-01 6.2890625000e-01
6.2890625000e-01 1.2890625000e-01 2.4218750000e-01
2.4218750000e-01 6.2890625000e-01 1.2890625000e-01
8.9746093750e-01 7.3242187500e-02 2.9296875000e-02
2.7246093750e-01 1.9824218750e-01 5.2929687500e-01
2.9296875000e-02 8.9746093750e-01 7.3242187500e-02
5.2929687500e-01 2.7246093750e-01 1.9824218750e-01
7.3242187500e-02 2.9296875000e-02 8.9746093750e-01
1.9824218750e-01 5.2929687500e-01 2.7246093750e-01
8.4472656250e-01 1.2695312500e-01 2.8320312500e-02
2.8320312500e-02 8.4472656250e-01 1.2695312500e-01
1.2695312500e-01 2.8320312500e-02 8.4472656250e-01
4.8828125000e-02 7.1875000000e-01 2.3242187500e-01
3.0761718750e-01 1.2304687500e-01 5.6933593750e-01
6.2011718750e-01 2.4804687500e-01 1.3183593750e-01
2.3242187500e-01 4.8828125000e-02 7.1875000000e-01
5.6933593750e-01 3.0761718750e-01 1.2304687500e-01
1.3183593750e-01 6.2011718750e-01 2.4804687500e-01
7.1875000000e-01 2.3242187500e-01 4.8828125000e-02
1.2304687500e-01 5.6933593750e-01 3.0761718750e-01
2.4804687500e-01 1.3183593750e-01 6.2011718750e-01
3.0175781250e-01 4.3164062500e-01 2.6660156250e-01
1.7675781250e-01 6.8164062500e-01 1.4160156250e-01
2.6660156250e-01 3.0175781250e-01 4.3164062500e-01
1.4160156250e-01 1.7675781250e-01 6.8164062500e-01
4.3164062500e-01 2.6660156250e-01 3.0175781250e-01
6.8164062500e-01 1.4160156250e-01 1.7675781250e-01
3.1250000000e-02 5.0000000000e-01 4.6875000000e-01
4.6875000000e-01 3.1250000000e-02 5.0000000000e-01
5.0000000000e-01 4.6875000000e-01 3.1250000000e-02
2.9296875000e-03 2.4804687500e-01 7.4902343750e-01
7.4902343750e-01 2.9296875000e-03 2.4804687500e-01
2.4804687500e-01 7.4902343750e-01 2.9296875000e-03
1.0156250000e-01 7.1875000000e-01 1.7968750000e-01
1.9238281250e-01 2.4414062500e-01 5.6347656250e-01
1.7968750000e-01 1.0156250000e-01 7.1875000000e-01
5.6347656250e-01 1.9238281250e-01 2.4414062500e-01
7.1875000000e-01 1.7968750000e-01 1.0156250000e-01
2.4414062500e-01 5.6347656250e-01 1.9238281250e-01
8.4960937500e-02 4.2773437500e-01 4.8730468750e-01
4.2773437500e-01 4.8730468750e-01 8.4960937500e-02
4.8730468750e-01 8.4960937500e-02 4.2773437500e-01
1.9531250000e-02 1.7968750000e-01 8.0078125000e-01
8.0078125000e-01 1.9531250000e-02 1.7968750000e-01
1.7968750000e-01 8.0078125000e-01 1.9531250000e-02
9.6289062500e-01 0.0000000000e+00 3.7109375000e-02
3.7109375000e-02 9.6289062500e-01 0.0000000000e+00
0.0000000000e+00 3.7109375000e-02 9.6289062500e-01
6.5917968750e-01 2.4804687500e-01 9.2773437500e-02
9.2773437500e-02 6.5917968750e-01 2.4804687500e-01
2.4804687500e-01 9.2773437500e-02 6.5917968750e-01
3.3203125000e-02 0.0000000000e+00 9.6679687500e-01
1.5820312500e-01 5.0000000000e-01 3.4179687500e-01
9.6679687500e-01 3.3203125000e-02 0.0000000000e+00
3.4179687500e-01 1.5820312500e-01 5.0000000000e-01
0.0000000000e+00 9.6679687500e-01 3.3203125000e-02
5.0000000000e-01 3.4179687500e-01 1.5820312500e-01
3.5156250000e-02 4.2968750000e-01 5.3515625000e-01
5.3515625000e-01 3.5156250000e-02 4.2968750000e-01
4.2968750000e-01 5.3515625000e-01 3.5156250000e-02
3.2421875000e-01 7.0312500000e-02 6.0546875000e-01
6.0546875000e-01 3.2421875000e-01 7.0312500000e-02
7.0312500000e-02 6.0546875000e-01 3.2421875000e-01
1.4453125000e-01 4.2968750000e-01 4.2578125000e-01
4.5703125000e-01 1.7968750000e-01 3.6328125000e-01
4.2578125000e-01 1.4453125000e-01 4.2968750000e-01
3.6328125000e-01 4.5703125000e-01 1.7968750000e-01
4.2968750000e-01 4.2578125000e-01 1.4453125000e-01
1.7968750000e-01 3.6328125000e-01 4.5703125000e-01
9.5703125000e-02 8.7500000000e-01 2.9296875000e-02
2.0117187500e-01 3.2031250000e-01 4.7851562500e-01
2.9296875000e-02 9.5703125000e-02 8.7500000000e-01
4.7851562500e-01 2.0117187500e-01 3.2031250000e-01
8.7500000000e-01 2.9296875000e-02 9.5703125000e-02
3.2031250000e-01 4.7851562500e-01 2.0117187500e-01
1.4062500000e-01 2.8125000000e-01 5.7812500000e-01
1.5527343750e-01 3.1835937500e-01 5.2636718750e-01
5.7812500000e-01 1.4062500000e-01 2.8125000000e-01
5.2636718750e-01 1.5527343750e-01 3.1835937500e-01
2.8125000000e-01 5.7812500000e-01 1.4062500000e-01
3.1835937500e-01 5.2636718750e-01 1.5527343750e-01
2.8808593750e-01 6.7773437500e-01 3.4179687500e-02
3.4179687500e-02 2.8808593750e-01 6.7773437500e-01
6.7773437500e-01 3.4179687500e-02 2.8808593750e-01
9.0820312500e-02 5.7226562500e-01 3.3691406250e-01
3.3691406250e-01 9.0820312500e-02 5.7226562500e-01
5.7226562500e-01 3.3691406250e-01 9.0820312500e-02
4.6386718750e-01 2.4804687500e-01 2.8808593750e-01
2.8808593750e-01 4.6386718750e-01 2.4804687500e-01
2.4804687500e-01 2.8808593750e-01 4.6386718750e-01
9.6679687500e-02 1.2304687500e-01 7.8027343750e-01
7.8027343750e-01 9.6679687500e-02 1.2304687500e-01
1.2304687500e-01 7.8027343750e-01 9.6679687500e-02
6.3574218750e-01 1.5429687500e-01 2.0996093750e-01
2.0996093750e-01 6.3574218750e-01 1.5429687500e-01
1.5429687500e-01 2.0996093750e-01 6.3574218750e-01
1.8164062500e-01 4.6972656250e-01 3.4863281250e-01
3.4863281250e-01 1.8164062500e-01 4.6972656250e-01
4.6972656250e-01 3.4863281250e-01 1.8164062500e-01
6.4453125000e-02 3.7500000000e-01 5.6054687500e-01
5.6054687500e-01 6.4453125000e-02 3.7500000000e-01
3.7500000000e-01 5.6054687500e-01 6.4453125000e-02
1.5234375000e-01 7.0312500000e-02 7.7734375000e-01
7.7734375000e-01 1.5234375000e-01 7.0312500000e-02
7.0312500000e-02 7.7734375000e-01 1.5234375000e-01
2.7734375000e-01 7.0312500000e-02 6.5234375000e-01
6.5234375000e-01 2.7734375000e-01 7.0312500000e-02
7.0312500000e-02 6.5234375000e-01 2.7734375000e-01
5.2636718750e-01 1.2304687500e-01 3.5058593750e-01
3.5058593750e-01 5.2636718750e-01 1.2304687500e-01
1.2304687500e-01 3.5058593750e-01 5.2636718750e-01
4.0039062500e-01 1.2500000000e-01 4.7460937500e-01
4.7460937500e-01 4.0039062500e-01 1.2500000000e-01
1.2500000000e-01 4.7460937500e-01 4.0039062500e-01
5.9863281250e-01 1.8164062500e-01 2.1972656250e-01
2.1972656250e-01 5.9863281250e-01 1.8164062500e-01
1.8164062500e-01 2.1972656250e-01 5.9863281250e-01
1.8750000000e-01 1.2500000000e-01 6.8750000000e-01
2.6367187500e-02 1.2304687500e-01 8.5058593750e-01
6.8750000000e-01 1.8750000000e-01 1.2500000000e-01
8.5058593750e-01 2.6367187500e-02 1.2304687500e-01
1.2500000000e-01 6.8750000000e-01 1.8750000000e-01
1.2304687500e-01 8.5058593750e-01 2.6367187500e-02
3.1054687500e-01 3.1445312500e-01 3.7500000000e-01
3.7500000000e-01 3.1054687500e-01 3.1445312500e-01
3.1445312500e-01 3.7500000000e-01 3.1054687500e-01
8.7890625000e-02 0.0000000000e+00 9.1210937500e-01
2.1289062500e-01 5.0000000000e-01 2.8710937500e-01
3.4179687500e-02 7.4804687500e-01 2.1777343750e-01
4.0917968750e-01 2.4804687500e-01 3.4277343750e-01
3.4667968750e-01 6.2304687500e-01 3.0273437500e-02
9.1210937500e-01 8.7890625000e-02 0.0000000000e+00
2.8710937500e-01 2.1289062500e-01 5.0000000000e-01
2.1777343750e-01 3.4179687500e-02 7.4804687500e-01
3.4277343750e-01 4.0917968750e-01 2.4804687500e-01
3.0273437500e-02 3.4667968750e-01 6.2304687500e-01
0.0000000000e+00 9.1210937500e-01 8.7890625000e-02
5.0000000000e-01 2.8710937500e-01 2.1289062500e-01
7.4804687500e-01 2.1777343750e-01 3.4179687500e-02
2.4804687500e-01 3.4277343750e-01 4.0917968750e-01
6.2304687500e-01 3.0273437500e-02 3.4667968750e-01
5.6152343750e-01 2.5585937500e-01 1.8261718750e-01
5.2832031250e-01 3.2226562500e-01 1.4941406250e-01
1.8261718750e-01 5.6152343750e-01 2.5585937500e-01
1.4941406250e-01 5.2832031250e-01 3.2226562500e-01
2.5585937500e-01 1.8261718750e-01 5.6152343750e-01
3.2226562500e-01 1.4941406250e-01 5.2832031250e-01
6.6503906250e-01 9.5703125000e-02 2.3925781250e-01
2.3925781250e-01 6.6503906250e-01 9.5703125000e-02
9.5703125000e-02 2.3925781250e-01 6.6503906250e-01
1.5136718750e-01 3.7304687500e-01 4.7558593750e-01
4.7558593750e-01 1.5136718750e-01 3.7304687500e-01
3.7304687500e-01 4.7558593750e-01 1.5136718750e-01
2.4414062500e-02 6.2695312500e-01 3.4863281250e-01
3.4863281250e-01 2.4414062500e-02 6.2695312500e-01
6.2695312500e-01 3.4863281250e-01 2.4414062500e-02
3.1152343750e-01 2.5585937500e-01 4.3261718750e-01
4.3261718750e-01 3.1152343750e-01 2.5585937500e-01
2.5585937500e-01 4.3261718750e-01 3.1152343750e-01
7.9589843750e-01 6.8359375000e-02 1.3574218750e-01
1.3574218750e-01 7.9589843750e-01 6.8359375000e-02
6.8359375000e-02 1.3574218750e-01 7.9589843750e-01
2.0312500000e-01 4.0625000000e-01 3.9062500000e-01
8.5937500000e-01 9.3750000000e-02 4.6875000000e-02
3.9062500000e-01 2.0312500000e-01 4.0625000000e-01
4.6875000000e-02 8.5937500000e-01 9.3750000000e-02
4.0625000000e-01 3.9062500000e-01 2.0312500000e-01
9.3750000000e-02 4.6875000000e-02 8.5937500000e-01
2.0410156250e-01 1.5820312500e-01 6.3769531250e-01
6.3769531250e-01 2.0410156250e-01 1.5820312500e-01
1.5820312500e-01 6.3769531250e-01 2.0410156250e-01
2.7441406250e-01 1.2695312500e-01 5.9863281250e-01
5.9863281250e-01 2.7441406250e-01 1.2695312500e-01
1.2695312500e-01 5.9863281250e-01 2.7441406250e-01
7.7148437500e-01 1.7968750000e-01 4.8828125000e-02
4.8828125000e-02 7.7148437500e-01 1.7968750000e-01
1.7968750000e-01 4.8828125000e-02 7.7148437500e-01
4.7070312500e-01 1.2500000000e-01 4.0429687500e-01
2.9296875000e-02 7.0312500000e-02 9.0039062500e-01
4.0429687500e-01 4.7070312500e-01 1.2500000000e-01
9.0039062500e-01 2.9296875000e-02 7.0312500000e-02
1.2500000000e-01 4.0429687500e-01 4.7070312500e-01
7.0312500000e-02 9.0039062500e-01 2.9296875000e-02
3.0859375000e-01 5.0781250000e-01 1.8359375000e-01
8.8867187500e-02 7.4804687500e-01 1.6308593750e-01
2.1386718750e-01 2.4804687500e-01 5.3808593750e-01
1.8359375000e-01 3.0859375000e-01 5.0781250000e-01
1.6308593750e-01 8.8867187500e-02 7.4804687500e-01
5.3808593750e-01 2.1386718750e-01 2.4804687500e-01
5.0781250000e-01 1.8359375000e-01 3.0859375000e-01
7.4804687500e-01 1.6308593750e-01 8.8867187500e-02
2.4804687500e-01 5.3808593750e-01 2.1386718750e-01
1.0058593750e-01 6.7773437500e-01 2.2167968750e-01
2.2167968750e-01 1.0058593750e-01 6.7773437500e-01
6.7773437500e-01 2.2167968750e-01 1.0058593750e-01
2.6855468750e-01 2.9296875000e-02 7.0214843750e-01
7.0214843750e-01 2.6855468750e-01 2.9296875000e-02
2.9296875000e-02 7.0214843750e-01 2.6855468750e-01
5.3906250000e-01 9.3750000000e-02 3.6718750000e-01
3.6718750000e-01 5.3906250000e-01 9.3750000000e-02
9.3750000000e-02 3.6718750000e-01 5.3906250000e-01
2.3144531250e-01 7.2265625000e-02 6.9628906250e-01
6.9628906250e-01 2.3144531250e-01 7.2265625000e-02
7.2265625000e-02 6.9628906250e-01 2.3144531250e-01
4.3554687500e-01 5.0781250000e-01 5.6640625000e-02
8.3984375000e-02 1.7968750000e-01 7.3632812500e-01
5.6640625000e-02 4.3554687500e-01 5.0781250000e-01
7.3632812500e-01 8.3984375000e-02 1.7968750000e-01
5.0781250000e-01 5.6640625000e-02 4.3554687500e-01
1.7968750000e-01 7.3632812500e-01 8.3984375000e-02
3.9160156250e-01 3.3203125000e-02 5.7519531250e-01
7.1289062500e-02 5.3320312500e-01 3.9550781250e-01
5.7519531250e-01 3.9160156250e-01 3.3203125000e-02
3.9550781250e-01 7.1289062500e-02 5.3320312500e-01
3.3203125000e-02 5.7519531250e-01 3.9160156250e-01
5.3320312500e-01 3.9550781250e-01 7.1289062500e-02
2.5195312500e-01 4.1113281250e-01 3.3691406250e-01
3.3691406250e-01 2.5195312500e-01 4.1113281250e-01
4.1113281250e-01 3.3691406250e-01 2.5195312500e-01
3.4277343750e-01 5.6835937500e-01 8.8867187500e-02
8.8867187500e-02 3.4277343750e-01 5.6835937500e-01
5.6835937500e-01 8.8867187500e-02 3.4277343750e-01
2.6464843750e-01 5.6835937500e-01 1.6699218750e-01
5.6835937500e-01 1.6699218750e-01 2.6464843750e-01
1.6699218750e-01 2.6464843750e-01 5.6835937500e-01
7.0312500000e-02 2.8125000000e-01 6.4843750000e-01
6.4843750000e-01 7.0312500000e-02 2.8125000000e-01
2.8125000000e-01 6.4843750000e-01 7.0312500000e-02
5.7324218750e-01 2.9296875000e-02 3.9746093750e-01
3.9746093750e-01 5.7324218750e-01 2.9296875000e-02
2.9296875000e-02 3.9746093750e-01 5.7324218750e-01
5.8691406250e-01 2.5195312500e-01 1.6113281250e-01
1.6113281250e-01 5.8691406250e-01 2.5195312500e-01
2.5195312500e-01 1.6113281250e-01 5.8691406250e-01
9.4824218750e-01 2.9296875000e-02 2.2460937500e-02
9.2773437500e-02 6.8359375000e-02 8.3886718750e-01
2.2460937500e-02 9.4824218750e-01 2.9296875000e-02
8.3886718750e-01 9.2773437500e-02 6.8359375000e-02
2.9296875000e-02 2.2460937500e-02 9.4824218750e-01
6.8359375000e-02 8.3886718750e-01 9.2773437500e-02
3.8281250000e-01 4.0625000000e-01 2.1093750000e-01
2.8906250000e-01 5.9375000000e-01 1.1718750000e-01
2.1093750000e-01 3.8281250000e-01 4.0625000000e-01
1.1718750000e-01 2.8906250000e-01 5.9375000000e-01
4.0625000000e-01 2.1093750000e-01 3.8281250000e-01
5.9375000000e-01 1.1718750000e-01 2.8906250000e-01
2.1679687500e-01 2.8320312500e-01 5.0000000000e-01
2.8320312500e-01 5.0000000000e-01 2.1679687500e-01
5.0000000000e-01 2.1679687500e-01 2.8320312500e-01
3.5937500000e-01 9.3750000000e-02 5.4687500000e-01
5.2343750000e-01 3.7500000000e-01 1.0156250000e-01
5.4687500000e-01 3.5937500000e-01 9.3750000000e-02
1.0156250000e-01 5.2343750000e-01 3.7500000000e-01
9.3750000000e-02 5.4687500000e-01 3.5937500000e-01
3.7500000000e-01 1.0156250000e-01 5.2343750000e-01
8.4375000000e-01 1.5625000000e-01 0.0000000000e+00
0.0000000000e+00 8.4375000000e-01 1.5625000000e-01
1.5625000000e-01 0.0000000000e+00 8.4375000000e-01
6.5625000000e-01 0.0000000000e+00 3.4375000000e-01
3.4375000000e-01 6.5625000000e-01 0.0000000000e+00
0.0000000000e+00 3.4375000000e-01 6.5625000000e-01
6.8359375000e-02 3.3886718750e-01 5.9277343750e-01
1.3574218750e-01 1.5429687500e-01 7.0996093750e-01
5.9277343750e-01 6.8359375000e-02 3.3886718750e-01
7.0996093750e-01 1.3574218750e-01 1.5429687500e-01
3.3886718750e-01 5.9277343750e-01 6.8359375000e-02
1.5429687500e-01 7.0996093750e-01 1.3574218750e-01
6.4355468750e-01 2.9296875000e-02 3.2714843750e-01
6.9335937500e-02 2.4023437500e-01 6.9042968750e-01
3.2714843750e-01 6.4355468750e-01 2.9296875000e-02
6.9042968750e-01 6.9335937500e-02 2.4023437500e-01
2.9296875000e-02 3.2714843750e-01 6.4355468750e-01
2.4023437500e-01 6.9042968750e-01 6.9335937500e-02
6.5039062500e-01 1.2500000000e-01 2.2460937500e-01
1.6210937500e-01 1.7968750000e-01 6.5820312500e-01
2.2460937500e-01 6.5039062500e-01 1.2500000000e-01
6.5820312500e-01 1.6210937500e-01 1.7968750000e-01
1.2500000000e-01 2.2460937500e-01 6.5039062500e-01
1.7968750000e-01 6.5820312500e-01 1.6210937500e-01
2.9199218750e-01 3.4179687500e-01 3.6621093750e-01
3.6621093750e-01 2.9199218750e-01 3.4179687500e-01
3.4179687500e-01 3.6621093750e-01 2.9199218750e-01
1.4843750000e-01 6.2500000000e-01 2.2656250000e-01
2.2656250000e-01 1.4843750000e-01 6.2500000000e-01
6.2500000000e-01 2.2656250000e-01 1.4843750000e-01
1.0937500000e-01 5.9375000000e-01 2.9687500000e-01
2.5390625000e-02 8.7500000000e-01 9.9609375000e-02
2.9687500000e-01 1.0937500000e-01 5.9375000000e-01
9.9609375000e-02 2.5390625000e-02 8.7500000000e-01
5.9375000000e-01 2.9687500000e-01 1.0937500000e-01
8.7500000000e-01 9.9609375000e-02 2.5390625000e-02
5.3222656250e-01 2.5195312500e-01 2.1582031250e-01
2.5195312500e-01 2.1582031250e-01 5.3222656250e-01
2.1582031250e-01 5.3222656250e-01 2.5195312500e-01
4.4726562500e-01 2.8125000000e-01 2.7148437500e-01
2.7148437500e-01 4.4726562500e-01 2.8125000000e-01
2.8125000000e-01 2.7148437500e-01 4.4726562500e-01
4.5410156250e-01 1.5820312500e-01 3.8769531250e-01
1.8652343750e-01 7.5585937500e-01 5.7617187500e-02
3.8769531250e-01 4.5410156250e-01 1.5820312500e-01
5.7617187500e-02 1.8652343750e-01 7.5585937500e-01
1.5820312500e-01 3.8769531250e-01 4.5410156250e-01
7.5585937500e-01 5.7617187500e-02 1.8652343750e-01
6.8359375000e-02 4.9218750000e-01 4.3945312500e-01
4.3945312500e-01 6.8359375000e-02 4.9218750000e-01
4.9218750000e-01 4.3945312500e-01 6.8359375000e-02
2.3437500000e-02 3.7500000000e-01 6.0156250000e-01
6.0156250000e-01 2.3437500000e-02 3.7500000000e-01
3.7500000000e-01 6.0156250000e-01 2.3437500000e-02
4.0625000000e-01 5.0000000000e-01 9.3750000000e-02
9.3750000000e-02 4.0625000000e-01 5.0000000000e-01
5.0000000000e-01 9.3750000000e-02 4.0625000000e-01
1.1132812500e-01 9.3750000000e-02 7.9492187500e-01
2.2753906250e-01 4.7070312500e-01 3.0175781250e-01
7.9492187500e-01 1.1132812500e-01 9.3750000000e-02
3.0175781250e-01 2.2753906250e-01 4.7070312500e-01
9.3750000000e-02 7.9492187500e-01 1.1132812500e-01
4.7070312500e-01 3.0175781250e-01 2.2753906250e-01
2.7343750000e-01 3.7500000000e-01 3.5156250000e-01
3.5156250000e-01 2.7343750000e-01 3.7500000000e-01
3.7500000000e-01 3.5156250000e-01 2.7343750000e-01
6.1035156250e-01 3.4570312500e-01 4.3945312500e-02
4.3261718750e-01 3.7304687500e-01 1.9433593750e-01
5.3808593750e-01 1.7773437500e-01 2.8417968750e-01
4.3945312500e-02 6.1035156250e-01 3.4570312500e-01
1.9433593750e-01 4.3261718750e-01 3.7304687500e-01
2.8417968750e-01 5.3808593750e-01 1.7773437500e-01
3.4570312500e-01 4.3945312500e-02 6.1035156250e-01
3.7304687500e-01 1.9433593750e-01 4.3261718750e-01
1.7773437500e-01 2.8417968750e-01 5.3808593750e-01
6.9628906250e-01 3.3203125000e-02 2.7050781250e-01
2.0019531250e-01 5.7226562500e-01 2.2753906250e-01
2.7050781250e-01 6.9628906250e-01 3.3203125000e-02
2.2753906250e-01 2.0019531250e-01 5.7226562500e-01
3.3203125000e-02 2.7050781250e-01 6.9628906250e-01
5.7226562500e-01 2.2753906250e-01 2.0019531250e-01
3.9941406250e-01 3.7695312500e-01 2.2363281250e-01
2.2363281250e-01 3.9941406250e-01 3.7695312500e-01
3.7695312500e-01 2.2363281250e-01 3.9941406250e-01
1.5039062500e-01 1.2500000000e-01 7.2460937500e-01
7.2460937500e-01 1.5039062500e-01 1.2500000000e-01
1.2500000000e-01 7.2460937500e-01 1.5039062500e-01
1.9531250000e-01 7.8125000000e-01 2.3437500000e-02
4.2968750000e-01 1.2500000000e-01 4.4531250000e-01
2.3437500000e-02 1.9531250000e-01 7.8125000000e-01
4.4531250000e-01 4.2968750000e-01 1.2500000000e-01
7.8125000000e-01 2.3437500000e-02 1.9531250000e-01
1.2500000000e-01 4.4531250000e-01 4.2968750000e-01
1.6015625000e-01 6.7968750000e-01 1.6015625000e-01
4.4921875000e-01 3.2031250000e-01 2.3046875000e-01
2.0703125000e-01 1.7968750000e-01 6.1328125000e-01
5.5175781250e-01 4.3164062500e-01 1.6601562500e-02
1.0839843750e-01 3.1835937500e-01 5.7324218750e-01
2.9589843750e-01 6.8359375000e-02 6.3574218750e-01
1.5332031250e-01 8.2226562500e-01 2.4414062500e-02
1.6015625000e-01 1.6015625000e-01 6.7968750000e-01
2.3046875000e-01 4.4921875000e-01 3.2031250000e-01
6.1328125000e-01 2.0703125000e-01 1.7968750000e-01
1.6601562500e-02 5.5175781250e-01 4.3164062500e-01
5.7324218750e-01 1.0839843750e-01 3.1835937500e-01
6.3574218750e-01 2.9589843750e-01 6.8359375000e-02
2.4414062500e-02 1.5332031250e-01 8.2226562500e-01
6.7968750000e-01 1.6015625000e-01 1.6015625000e-01
3.2031250000e-01 2.3046875000e-01 4.4921875000e-01
1.7968750000e-01 6.1328125000e-01 2.0703125000e-01
4.3164062500e-01 1.6601562500e-02 5.5175781250e-01
3.1835937500e-01 5.7324218750e-01 1.0839843750e-01
6.8359375000e-02 6.3574218750e-01 2.9589843750e-01
8.2226562500e-01 2.4414062500e-02 1.5332031250e-01
5.4687500000e-02 8.7500000000e-01 7.0312500000e-02
7.0312500000e-02 5.4687500000e-02 8.7500000000e-01
8.7500000000e-01 7.0312500000e-02 5.4687500000e-02
7.4218750000e-02 5.7031250000e-01 3.5546875000e-01
8.0078125000e-01 1.7968750000e-01 1.9531250000e-02
4.5507812500e-01 4.0625000000e-01 1.3867187500e-01
1.8554687500e-01 7.8125000000e-03 8.0664062500e-01
3.5546875000e-01 7.4218750000e-02 5.7031250000e-01
1.9531250000e-02 8.0078125000e-01 1.7968750000e-01
1.3867187500e-01 4.5507812500e-01 4.0625000000e-01
5.7031250000e-01 3.5546875000e-01 7.4218750000e-02
4.0625000000e-01 1.3867187500e-01 4.5507812500e-01
5.9179687500e-01 4.0820312500e-01 0.0000000000e+00
0.0000000000e+00 5.9179687500e-01 4.0820312500e-01
4.0820312500e-01 0.0000000000e+00 5.9179687500e-01
5.8984375000e-01 3.2031250000e-01 8.9843750000e-02
1.4355468750e-01 2.9296875000e-02 8.2714843750e-01
8.9843750000e-02 5.8984375000e-01 3.2031250000e-01
8.2714843750e-01 1.4355468750e-01 2.9296875000e-02
3.2031250000e-01 8.9843750000e-02 5.8984375000e-01
2.9296875000e-02 8.2714843750e-01 1.4355468750e-01
1.1230468750e-01 8.4179687500e-01 4.5898437500e-02
1.7089843750e-01 6.8359375000e-02 7.6074218750e-01
4.1210937500e-01 5.8789062500e-01 0.0000000000e+00
7.6074218750e-01 1.7089843750e-01 6.8359375000e-02
0.0000000000e+00 4.1210937500e-01 5.8789062500e-01
8.4179687500e-01 4.5898437500e-02 1.1230468750e-01
5.8789062500e-01 0.0000000000e+00 4.1210937500e-01
2.0605468750e-01 6.5429687500e-01 1.3964843750e-01
4.5898437500e-02 1.1230468750e-01 8.4179687500e-01
1.3964843750e-01 2.0605468750e-01 6.5429687500e-01
6.5429687500e-01 1.3964843750e-01 2.0605468750e-01
6.8359375000e-02 7.6074218750e-01 1.7089843750e-01
3.2519531250e-01 3.2226562500e-01 3.5253906250e-01
3.5253906250e-01 3.2519531250e-01 3.2226562500e-01
3.2226562500e-01 3.5253906250e-01 3.2519531250e-01
4.7656250000e-01 2.1875000000e-01 3.0468750000e-01
2.2851562500e-01 7.1875000000e-01 5.2734375000e-02
3.0468750000e-01 4.7656250000e-01 2.1875000000e-01
5.2734375000e-02 2.2851562500e-01 7.1875000000e-01
2.1875000000e-01 3.0468750000e-01 4.7656250000e-01
7.1875000000e-01 5.2734375000e-02 2.2851562500e-01
2.6171875000e-01 3.2031250000e-01 4.1796875000e-01
4.1796875000e-01 2.6171875000e-01 3.2031250000e-01
3.2031250000e-01 4.1796875000e-01 2.6171875000e-01
4.7949218750e-01 4.6679687500e-01 5.3710937500e-02
5.3710937500e-02 4.7949218750e-01 4.6679687500e-01
4.6679687500e-01 5.3710937500e-02 4.7949218750e-01
4.4824218750e-01 2.9296875000e-02 5.2246093750e-01
4.1113281250e-01 4.3164062500e-01 1.5722656250e-01
5.2246093750e-01 4.4824218750e-01 2.9296875000e-02
1.5722656250e-01 4.1113281250e-01 4.3164062500e-01
2.9296875000e-02 5.2246093750e-01 4.4824218750e-01
4.3164062500e-01 1.5722656250e-01 4.1113281250e-01
3.8085937500e-02 1.7773437500e-01 7.8417968750e-01
7.8417968750e-01 3.8085937500e-02 1.7773437500e-01
1.7773437500e-01 7.8417968750e-01 3.8085937500e-02
6.1132812500e-01 9.3750000000e-02 2.9492187500e-01
5.1464843750e-01 6.8359375000e-02 4.1699218750e-01
2.9492187500e-01 6.1132812500e-01 9.3750000000e-02
4.1699218750e-01 5.1464843750e-01 6.8359375000e-02
9.3750000000e-02 2.9492187500e-01 6.1132812500e-01
6.8359375000e-02 4.1699218750e-01 5.1464843750e-01
1.5722656250e-01 7.5195312500e-01 9.0820312500e-02
9.0820312500e-02 1.5722656250e-01 7.5195312500e-01
7.5195312500e-01 9.0820312500e-02 1.5722656250e-01
2.8515625000e-01 4.2968750000e-01 2.8515625000e-01
8.2421875000e-01 7.0312500000e-02 1.0546875000e-01
6.8554687500e-01 7.8125000000e-03 3.0664062500e-01
2.8515625000e-01 2.8515625000e-01 4.2968750000e-01
1.0546875000e-01 8.2421875000e-01 7.0312500000e-02
3.0664062500e-01 6.8554687500e-01 7.8125000000e-03
4.2968750000e-01 2.8515625000e-01 2.8515625000e-01
7.0312500000e-02 1.0546875000e-01 8.2421875000e-01
7.8125000000e-03 3.0664062500e-01 6.8554687500e-01
3.7109375000e-02 9.2968750000e-01 3.3203125000e-02
2.1679687500e-01 7.0312500000e-02 7.1289062500e-01
4.1210937500e-01 1.7968750000e-01 4.0820312500e-01
5.7617187500e-01 7.0312500000e-02 3.5351562500e-01
5.8398437500e-01 1.7968750000e-01 2.3632812500e-01
3.3398437500e-01 1.7968750000e-01 4.8632812500e-01
3.8867187500e-01 3.2031250000e-01 2.9101562500e-01
4.8242187500e-01 3.2031250000e-01 1.9726562500e-01
5.4492187500e-01 3.2031250000e-01 1.3476562500e-01
2.4023437500e-01 1.7968750000e-01 5.8007812500e-01
4.4628906250e-01 5.3320312500e-01 2.0507812500e-02
4.1503906250e-01 9.5703125000e-02 4.8925781250e-01
3.6132812500e-02 6.8164062500e-01 2.8222656250e-01
2.2363281250e-01 6.8164062500e-01 9.4726562500e-02
6.5527343750e-01 3.1835937500e-01 2.6367187500e-02
6.4550781250e-01 1.8164062500e-01 1.7285156250e-01
7.7148437500e-02 8.1835937500e-01 1.0449218750e-01
1.3964843750e-01 5.6835937500e-01 2.9199218750e-01
4.3945312500e-02 7.2265625000e-02 8.8378906250e-01
1.7871093750e-01 1.7773437500e-01 6.4355468750e-01
6.7871093750e-01 1.7773437500e-01 1.4355468750e-01
4.8144531250e-01 7.2265625000e-02 4.4628906250e-01
1.6308593750e-01 4.2773437500e-01 4.0917968750e-01
3.4082031250e-01 7.2265625000e-02 5.8691406250e-01
8.4082031250e-01 7.2265625000e-02 8.6914062500e-02
3.3203125000e-02 3.7109375000e-02 9.2968750000e-01
7.1289062500e-01 2.1679687500e-01 7.0312500000e-02
4.0820312500e-01 4.1210937500e-01 1.7968750000e-01
3.5351562500e-01 5.7617187500e-01 7.0312500000e-02
2.3632812500e-01 5.8398437500e-01 1.7968750000e-01
4.8632812500e-01 3.3398437500e-01 1.7968750000e-01
2.9101562500e-01 3.8867187500e-01 3.2031250000e-01
1.9726562500e-01 4.8242187500e-01 3.2031250000e-01
1.3476562500e-01 5.4492187500e-01 3.2031250000e-01
5.8007812500e-01 2.4023437500e-01 1.7968750000e-01
2.0507812500e-02 4.4628906250e-01 5.3320312500e-01
4.8925781250e-01 4.1503906250e-01 9.5703125000e-02
2.8222656250e-01 3.6132812500e-02 6.8164062500e-01
9.4726562500e-02 2.2363281250e-01 6.8164062500e-01
2.6367187500e-02 6.5527343750e-01 3.1835937500e-01
1.7285156250e-01 6.4550781250e-01 1.8164062500e-01
1.0449218750e-01 7.7148437500e-02 8.1835937500e-01
2.9199218750e-01 1.3964843750e-01 5.6835937500e-01
8.8378906250e-01 4.3945312500e-02 7.2265625000e-02
1.4355468750e-01 6.7871093750e-01 1.7773437500e-01
4.4628906250e-01 4.8144531250e-01 7.2265625000e-02
4.0917968750e-01 1.6308593750e-01 4.2773437500e-01
5.8691406250e-01 3.4082031250e-01 7.2265625000e-02
8.6914062500e-02 8.4082031250e-01 7.2265625000e-02
9.2968750000e-01 3.3203125000e-02 3.7109375000e-02
7.0312500000e-02 7.1289062500e-01 2.1679687500e-01
1.7968750000e-01 4.0820312500e-01 4.1210937500e-01
7.0312500000e-02 3.5351562500e-01 5.7617187500e-01
1.7968750000e-01 2.3632812500e-01 5.8398437500e-01
1.7968750000e-01 4.8632812500e-01 3.3398437500e-01
3.2031250000e-01 2.9101562500e-01 3.8867187500e-01
3.2031250000e-01 1.9726562500e-01 4.8242187500e-01
3.2031250000e-01 1.3476562500e-01 5.4492187500e-01
1.7968750000e-01 5.8007812500e-01 2.4023437500e-01
5.3320312500e-01 2.0507812500e-02 4.4628906250e-01
9.5703125000e-02 4.8925781250e-01 4.1503906250e-01
6.8164062500e-01 2.8222656250e-01 3.6132812500e-02
1.8164062500e-01 3.2226562500e-02 7.8613281250e-01
6.8164062500e-01 9.4726562500e-02 2.2363281250e-01
3.1835937500e-01 2.6367187500e-02 6.5527343750e-01
8.1835937500e-01 1.0449218750e-01 7.7148437500e-02
5.6835937500e-01 2.9199218750e-01 1.3964843750e-01
7.2265625000e-02 8.8378906250e-01 4.3945312500e-02
1.7773437500e-01 1.4355468750e-01 6.7871093750e-01
7.2265625000e-02 4.4628906250e-01 4.8144531250e-01
4.2773437500e-01 4.0917968750e-01 1.6308593750e-01
7.2265625000e-02 5.8691406250e-01 3.4082031250e-01
7.2265625000e-02 8.6914062500e-02 8.4082031250e-01
1.1035156250e-01 3.4570312500e-01 5.4394531250e-01
5.7617187500e-02 6.2304687500e-01 3.1933593750e-01
3.3300781250e-01 4.3164062500e-01 2.3535156250e-01
5.4394531250e-01 1.1035156250e-01 3.4570312500e-01
3.1933593750e-01 5.7617187500e-02 6.2304687500e-01
2.3535156250e-01 3.3300781250e-01 4.3164062500e-01
3.4570312500e-01 5.4394531250e-01 1.1035156250e-01
6.2304687500e-01 3.1933593750e-01 5.7617187500e-02
4.3164062500e-01 2.3535156250e-01 3.3300781250e-01
2.8613281250e-01 1.8164062500e-01 5.3222656250e-01
4.7558593750e-01 1.7773437500e-01 3.4667968750e-01
7.7050781250e-01 1.9628906250e-01 3.3203125000e-02
5.3222656250e-01 2.8613281250e-01 1.8164062500e-01
3.4667968750e-01 4.7558593750e-01 1.7773437500e-01
3.3203125000e-02 7.7050781250e-01 1.9628906250e-01
1.8164062500e-01 5.3222656250e-01 2.8613281250e-01
1.7773437500e-01 3.4667968750e-01 4.7558593750e-01
5.0976562500e-01 1.5625000000e-01 3.3398437500e-01
1.1523437500e-01 6.7968750000e-01 2.0507812500e-01
3.3398437500e-01 5.0976562500e-01 1.5625000000e-01
2.0507812500e-01 1.1523437500e-01 6.7968750000e-01
1.5625000000e-01 3.3398437500e-01 5.0976562500e-01
6.7968750000e-01 2.0507812500e-01 1.1523437500e-01
