3.3333333333e-01 3.3333333333e-01 3.3333333333e-01
0.0000000000e+00 0.0000000000e+00 1.0000000000e+00
1.0000000000e+00 0.0000000000e+00 0.0000000000e+00
0.0000000000e+00 1.0000000000e+00 0.0000000000e+00
3.3593750000e-01 0.0000000000e+00 6.6406250000e-01
6.6406250000e-01 3.3593750000e-01 0.0000000000e+00
0.0000000000e+00 6.6406250000e-01 3.3593750000e-01
1.1718750000e-02 3.2031250000e-01 6.6796875000e-01
6.6796875000e-01 1.1718750000e-02 3.2031250000e-01
3.2031250000e-01 6.6796875000e-01 1.1718750000e-02
2.2656250000e-01 2.1875000000e-01 5.5468750000e-01
5.5468750000e-01 2.2656250000e-01 2.1875000000e-01
2.1875000000e-01 5.5468750000e-01 2.2656250000e-01
4.3750000000e-01 4.3750000000e-01 1.2500000000e-01
4.3750000000e-01 1.2500000000e-01 4.3750000000e-01
1.2500000000e-01 4.3750000000e-01 4.3750000000e-01
1.2109375000e-01 7.5781250000e-01 1.2109375000e-01
1.2109375000e-01 1.2109375000e-01 7.5781250000e-01
7.5781250000e-01 1.2109375000e-01 1.2109375000e-01
8.7500000000e-01 0.0000000000e+00 1.2500000000e-01
1.2500000000e-01 8.7500000000e-01 0.0000000000e+00
0.0000000000e+00 1.2500000000e-01 8.7500000000e-01
1.1718750000e-01 0.0000000000e+00 8.8281250000e-01
8.8281250000e-01 1.1718750000e-01 0.0000000000e+00
0.0000000000e+00 8.8281250000e-01 1.1718750000e-01
5.5859375000e-01 7.8125000000e-03 4.3359375000e-01
4.3359375000e-01 5.5859375000e-01 7.8125000000e-03
7.8125000000e-03 4.3359375000e-01 5.5859375000e-01
2.3046875000e-01 3.2031250000e-01 4.4921875000e-01
4.4921875000e-01 2.3046875000e-01 3.2031250000e-01
3.2031250000e-01 4.4921875000e-01 2.3046875000e-01
4.3359375000e-01 7.8125000000e-03 5.5859375000e-01
5.5859375000e-01 4.3359375000e-01 7.8125000000e-03
7.8125000000e-03 5.5859375000e-01 4.3359375000e-01
1.0937500000e-01 5.9375000000e-01 2.9687500000e-01
2.9687500000e-01 1.0937500000e-01 5.9375000000e-01
5.9375000000e-01 2.9687500000e-01 1.0937500000e-01
1.5625000000e-02 7.8125000000e-01 2.0312500000e-01
2.0312500000e-01 1.5625000000e-02 7.8125000000e-01
7.8125000000e-01 2.0312500000e-01 1.5625000000e-02
2.8906250000e-01 5.9375000000e-01 1.1718750000e-01
1.1718750000e-01 2.8906250000e-01 5.9375000000e-01
5.9375000000e-01 1.1718750000e-01 2.8906250000e-01
7.8125000000e-01 0.0000000000e+00 2.1875000000e-01
2.1875000000e-01 7.8125000000e-01 0.0000000000e+00
0.0000000000e+00 2.1875000000e-01 7.8125000000e-01
4.4921875000e-01 3.2031250000e-01 2.3046875000e-01
2.3046875000e-01 4.4921875000e-01 3.2031250000e-01
3.2031250000e-01 2.3046875000e-01 4.4921875000e-01
6.7968750000e-01 1.2500000000e-01 1.9531250000e-01
1.9531250000e-01 6.7968750000e-01 1.2500000000e-01
1.2500000000e-01 1.9531250000e-01 6.7968750000e-01
9.3750000000e-02 3.7500000000e-01 5.3125000000e-01
8.2031250000e-02 6.7968750000e-01 2.3828125000e-01
5.3125000000e-01 9.3750000000e-02 3.7500000000e-01
2.3828125000e-01 8.2031250000e-02 6.7968750000e-01
3.7500000000e-01 5.3125000000e-01 9.3750000000e-02
6.7968750000e-01 2.3828125000e-01 8.2031250000e-02
5.2343750000e-01 3.7500000000e-01 1.0156250000e-01
1.0156250000e-01 5.2343750000e-01 3.7500000000e-01
3.7500000000e-01 1.0156250000e-01 5.2343750000e-01
3.7890625000e-01 2.4218750000e-01 3.7890625000e-01
3.7890625000e-01 3.7890625000e-01 2.4218750000e-01
2.4218750000e-01 3.7890625000e-01 3.7890625000e-01
5.0000000000e-01 0.0000000000e+00 5.0000000000e-01
9.3359375000e-01 7.8125000000e-03 5.8593750000e-02
5.0000000000e-01 5.0000000000e-01 0.0000000000e+00
5.8593750000e-02 9.3359375000e-01 7.8125000000e-03
0.0000000000e+00 5.0000000000e-01 5.0000000000e-01
7.8125000000e-03 5.8593750000e-02 9.3359375000e-01
5.1953125000e-01 1.7968750000e-01 3.0078125000e-01
3.0078125000e-01 1.7968750000e-01 5.1953125000e-01
3.0078125000e-01 5.1953125000e-01 1.7968750000e-01
5.1953125000e-01 3.0078125000e-01 1.7968750000e-01
1.7968750000e-01 3.0078125000e-01 5.1953125000e-01
1.7968750000e-01 5.1953125000e-01 3.0078125000e-01
1.4843750000e-01 6.2500000000e-01 2.2656250000e-01
2.2656250000e-01 1.4843750000e-01 6.2500000000e-01
6.2500000000e-01 2.2656250000e-01 1.4843750000e-01
8.2421875000e-01 7.0312500000e-02 1.0546875000e-01
1.0546875000e-01 7.0312500000e-02 8.2421875000e-01
1.0546875000e-01 8.2421875000e-01 7.0312500000e-02
4.2968750000e-02 8.2031250000e-01 1.3671875000e-01
8.2031250000e-01 1.3671875000e-01 4.2968750000e-02
3.8281250000e-01 6.1718750000e-01 0.0000000000e+00
6.1718750000e-01 0.0000000000e+00 3.8281250000e-01
0.0000000000e+00 3.8281250000e-01 6.1718750000e-01
2.8125000000e-01 0.0000000000e+00 7.1875000000e-01
7.1875000000e-01 2.8125000000e-01 0.0000000000e+00
0.0000000000e+00 7.1875000000e-01 2.8125000000e-01
6.1328125000e-01 1.7968750000e-01 2.0703125000e-01
2.0703125000e-01 6.1328125000e-01 1.7968750000e-01
1.7968750000e-01 2.0703125000e-01 6.1328125000e-01
1.7968750000e-01 1.2500000000e-01 6.9531250000e-01
6.5234375000e-01 7.0312500000e-02 2.7734375000e-01
6.9531250000e-01 1.7968750000e-01 1.2500000000e-01
2.7734375000e-01 6.5234375000e-01 7.0312500000e-02
1.2500000000e-01 6.9531250000e-01 1.7968750000e-01
7.0312500000e-02 2.7734375000e-01 6.5234375000e-01
5.9375000000e-01 3.7500000000e-01 3.1250000000e-02
3.1250000000e-02 5.9375000000e-01 3.7500000000e-01
3.7500000000e-01 3.1250000000e-02 5.9375000000e-01
3.2031250000e-01 2.8125000000e-01 3.9843750000e-01
5.4687500000e-02 8.7500000000e-01 7.0312500000e-02
5.8593750000e-02 7.8125000000e-03 9.3359375000e-01
3.9843750000e-01 3.2031250000e-01 2.8125000000e-01
9.3359375000e-01 5.8593750000e-02 7.8125000000e-03
2.8125000000e-01 3.9843750000e-01 3.2031250000e-01
8.7500000000e-01 7.0312500000e-02 5.4687500000e-02
7.8125000000e-03 9.3359375000e-01 5.8593750000e-02
4.2968750000e-02 1.3671875000e-01 8.2031250000e-01
2.5000000000e-01 5.0000000000e-01 2.5000000000e-01
2.5000000000e-01 2.5000000000e-01 5.0000000000e-01
5.0000000000e-01 2.5000000000e-01 2.5000000000e-01
4.5703125000e-01 1.7968750000e-01 3.6328125000e-01
3.6328125000e-01 1.7968750000e-01 4.5703125000e-01
6.2500000000e-02 6.2500000000e-02 8.7500000000e-01
3.6328125000e-01 4.5703125000e-01 1.7968750000e-01
4.5703125000e-01 3.6328125000e-01 1.7968750000e-01
1.7968750000e-01 3.6328125000e-01 4.5703125000e-01
1.7968750000e-01 4.5703125000e-01 3.6328125000e-01
4.6875000000e-02 2.1875000000e-01 7.3437500000e-01
7.3437500000e-01 4.6875000000e-02 2.1875000000e-01
2.1875000000e-01 7.3437500000e-01 4.6875000000e-02
7.7734375000e-01 7.0312500000e-02 1.5234375000e-01
1.5234375000e-01 7.0312500000e-02 7.7734375000e-01
1.5234375000e-01 7.7734375000e-01 7.0312500000e-02
3.9062500000e-01 2.8125000000e-01 3.2812500000e-01
3.2812500000e-01 3.9062500000e-01 2.8125000000e-01
2.8125000000e-01 3.2812500000e-01 3.9062500000e-01
1.2890625000e-01 2.4218750000e-01 6.2890625000e-01
6.0546875000e-01 7.0312500000e-02 3.2421875000e-01
6.2890625000e-01 1.2890625000e-01 2.4218750000e-01
3.2421875000e-01 6.0546875000e-01 7.0312500000e-02
2.4218750000e-01 6.2890625000e-01 1.2890625000e-01
7.0312500000e-02 3.2421875000e-01 6.0546875000e-01
7.8125000000e-02 6.4062500000e-01 2.8125000000e-01
6.4062500000e-01 2.8125000000e-01 7.8125000000e-02
2.8125000000e-01 7.8125000000e-02 6.4062500000e-01
7.2656250000e-01 2.1875000000e-01 5.4687500000e-02
5.4687500000e-02 7.2656250000e-01 2.1875000000e-01
2.1875000000e-01 5.4687500000e-02 7.2656250000e-01
7.8125000000e-02 1.5625000000e-01 7.6562500000e-01
1.5625000000e-01 0.0000000000e+00 8.4375000000e-01
8.3593750000e-01 0.0000000000e+00 1.6406250000e-01
4.6093750000e-01 5.0000000000e-01 3.9062500000e-02
1.6406250000e-01 8.3593750000e-01 0.0000000000e+00
3.9062500000e-02 4.6093750000e-01 5.0000000000e-01
5.0000000000e-01 3.9062500000e-02 4.6093750000e-01
7.1093750000e-01 0.0000000000e+00 2.8906250000e-01
2.8906250000e-01 7.1093750000e-01 0.0000000000e+00
0.0000000000e+00 2.8906250000e-01 7.1093750000e-01
7.7734375000e-01 1.5234375000e-01 7.0312500000e-02
0.0000000000e+00 1.6406250000e-01 8.3593750000e-01
7.0312500000e-02 7.7734375000e-01 1.5234375000e-01
7.4218750000e-02 5.7031250000e-01 3.5546875000e-01
8.4375000000e-01 1.5625000000e-01 0.0000000000e+00
3.5546875000e-01 7.4218750000e-02 5.7031250000e-01
0.0000000000e+00 8.4375000000e-01 1.5625000000e-01
5.7031250000e-01 3.5546875000e-01 7.4218750000e-02
2.5781250000e-01 1.5625000000e-01 5.8593750000e-01
3.6718750000e-01 5.0000000000e-01 1.3281250000e-01
5.8593750000e-01 2.5781250000e-01 1.5625000000e-01
8.6718750000e-01 3.9062500000e-02 9.3750000000e-02
1.3281250000e-01 3.6718750000e-01 5.0000000000e-01
1.5625000000e-01 5.8593750000e-01 2.5781250000e-01
9.3750000000e-02 8.6718750000e-01 3.9062500000e-02
5.0000000000e-01 1.3281250000e-01 3.6718750000e-01
2.0312500000e-01 4.0625000000e-01 3.9062500000e-01
2.3828125000e-01 6.7968750000e-01 8.2031250000e-02
3.9062500000e-01 2.0312500000e-01 4.0625000000e-01
8.2031250000e-02 2.3828125000e-01 6.7968750000e-01
4.0625000000e-01 3.9062500000e-01 2.0312500000e-01
6.7968750000e-01 8.2031250000e-02 2.3828125000e-01
1.7187500000e-01 7.1875000000e-01 1.0937500000e-01
5.7812500000e-01 1.5625000000e-01 2.6562500000e-01
8.5937500000e-02 5.0000000000e-01 4.1406250000e-01
1.0937500000e-01 1.7187500000e-01 7.1875000000e-01
2.6562500000e-01 5.7812500000e-01 1.5625000000e-01
4.1406250000e-01 8.5937500000e-02 5.0000000000e-01
7.1875000000e-01 1.0937500000e-01 1.7187500000e-01
1.5625000000e-01 2.6562500000e-01 5.7812500000e-01
5.0000000000e-01 4.1406250000e-01 8.5937500000e-02
2.8515625000e-01 4.2968750000e-01 2.8515625000e-01
3.2421875000e-01 7.0312500000e-02 6.0546875000e-01
3.5546875000e-01 5.7031250000e-01 7.4218750000e-02
2.8515625000e-01 2.8515625000e-01 4.2968750000e-01
6.0546875000e-01 3.2421875000e-01 7.0312500000e-02
7.4218750000e-02 3.5546875000e-01 5.7031250000e-01
4.2968750000e-01 2.8515625000e-01 2.8515625000e-01
7.0312500000e-02 6.0546875000e-01 3.2421875000e-01
5.7031250000e-01 7.4218750000e-02 3.5546875000e-01
2.4609375000e-01 7.8125000000e-03 7.4609375000e-01
7.4609375000e-01 7.8125000000e-03 2.4609375000e-01
9.7656250000e-02 4.2968750000e-01 4.7265625000e-01
7.4609375000e-01 2.4609375000e-01 7.8125000000e-03
2.4609375000e-01 7.4609375000e-01 7.8125000000e-03
4.7265625000e-01 9.7656250000e-02 4.2968750000e-01
7.8125000000e-03 7.4609375000e-01 2.4609375000e-01
7.8125000000e-03 2.4609375000e-01 7.4609375000e-01
