3.3333333333e-01 3.3333333333e-01 3.3333333333e-01
0.0000000000e+00 0.0000000000e+00 1.0000000000e+00
1.0000000000e+00 0.0000000000e+00 0.0000000000e+00
0.0000000000e+00 1.0000000000e+00 0.0000000000e+00
3.7500000000e-01 0.0000000000e+00 6.2500000000e-01
6.2500000000e-01 3.7500000000e-01 0.0000000000e+00
0.0000000000e+00 6.2500000000e-01 3.7500000000e-01
6.8750000000e-01 1.2500000000e-01 1.8750000000e-01
1.8750000000e-01 6.8750000000e-01 1.2500000000e-01
1.2500000000e-01 1.8750000000e-01 6.8750000000e-01
4.3750000000e-01 1.2500000000e-01 4.3750000000e-01
4.3750000000e-01 4.3750000000e-01 1.2500000000e-01
1.2500000000e-01 4.3750000000e-01 4.3750000000e-01
2.5000000000e-01 5.0000000000e-01 2.5000000000e-01
2.5000000000e-01 2.5000000000e-01 5.0000000000e-01
5.0000000000e-01 2.5000000000e-01 2.5000000000e-01
8.7500000000e-01 0.0000000000e+00 1.2500000000e-01
1.2500000000e-01 8.7500000000e-01 0.0000000000e+00
0.0000000000e+00 1.2500000000e-01 8.7500000000e-01
5.0000000000e-01 0.0000000000e+00 5.0000000000e-01
