3.3333333333e-01 3.3333333333e-01 3.3333333333e-01
0.0000000000e+00 0.0000000000e+00 1.0000000000e+00
1.0000000000e+00 0.0000000000e+00 0.0000000000e+00
0.0000000000e+00 1.0000000000e+00 0.0000000000e+00
6.5625000000e-01 0.0000000000e+00 3.4375000000e-01
3.4375000000e-01 6.5625000000e-01 0.0000000000e+00
0.0000000000e+00 3.4375000000e-01 6.5625000000e-01
7.8125000000e-03 6.5625000000e-01 3.3593750000e-01
3.3593750000e-01 7.8125000000e-03 6.5625000000e-01
6.5625000000e-01 3.3593750000e-01 7.8125000000e-03
5.4687500000e-01 2.1875000000e-01 2.3437500000e-01
2.3437500000e-01 5.4687500000e-01 2.1875000000e-01
2.1875000000e-01 2.3437500000e-01 5.4687500000e-01
4.3750000000e-01 1.2500000000e-01 4.3750000000e-01
4.3750000000e-01 4.3750000000e-01 1.2500000000e-01
1.2500000000e-01 4.3750000000e-01 4.3750000000e-01
7.8125000000e-02 1.5625000000e-01 7.6562500000e-01
1.5625000000e-01 7.6562500000e-01 7.8125000000e-02
7.6562500000e-01 7.8125000000e-02 1.5625000000e-01
1.5625000000e-01 0.0000000000e+00 8.4375000000e-01
8.4375000000e-01 1.5625000000e-01 0.0000000000e+00
0.0000000000e+00 8.4375000000e-01 1.5625000000e-01
5.0000000000e-01 0.0000000000e+00 5.0000000000e-01
5.0000000000e-01 5.0000000000e-01 0.0000000000e+00
0.0000000000e+00 5.0000000000e-01 5.0000000000e-01
7.2656250000e-01 2.1875000000e-01 5.4687500000e-02
5.4687500000e-02 7.2656250000e-01 2.1875000000e-01
2.1875000000e-01 5.4687500000e-02 7.2656250000e-01
8.7500000000e-01 0.0000000000e+00 1.2500000000e-01
3.5937500000e-01 9.3750000000e-02 5.4687500000e-01
1.2500000000e-01 8.7500000000e-01 0.0000000000e+00
5.4687500000e-01 3.5937500000e-01 9.3750000000e-02
0.0000000000e+00 1.2500000000e-01 8.7500000000e-01
9.3750000000e-02 5.4687500000e-01 3.5937500000e-01
5.3906250000e-01 9.3750000000e-02 3.6718750000e-01
3.6718750000e-01 5.3906250000e-01 9.3750000000e-02
9.3750000000e-02 3.6718750000e-01 5.3906250000e-01
6.2500000000e-01 2.2656250000e-01 1.4843750000e-01
1.4843750000e-01 6.2500000000e-01 2.2656250000e-01
2.2656250000e-01 1.4843750000e-01 6.2500000000e-01
3.8281250000e-01 4.0625000000e-01 2.1093750000e-01
2.1093750000e-01 3.8281250000e-01 4.0625000000e-01
4.0625000000e-01 2.1093750000e-01 3.8281250000e-01
7.8125000000e-01 0.0000000000e+00 2.1875000000e-01
2.9687500000e-01 2.1875000000e-01 4.8437500000e-01
4.8437500000e-01 3.4375000000e-01 1.7187500000e-01
2.1875000000e-01 7.8125000000e-01 0.0000000000e+00
1.7187500000e-01 4.8437500000e-01 3.4375000000e-01
0.0000000000e+00 2.1875000000e-01 7.8125000000e-01
2.1875000000e-01 6.2500000000e-01 1.5625000000e-01
4.7656250000e-01 2.1875000000e-01 3.0468750000e-01
1.5625000000e-01 2.1875000000e-01 6.2500000000e-01
3.0468750000e-01 4.7656250000e-01 2.1875000000e-01
6.2500000000e-01 1.5625000000e-01 2.1875000000e-01
2.1875000000e-01 3.0468750000e-01 4.7656250000e-01
7.0312500000e-02 2.8125000000e-01 6.4843750000e-01
6.4843750000e-01 7.0312500000e-02 2.8125000000e-01
2.8125000000e-01 6.4843750000e-01 7.0312500000e-02
6.4062500000e-01 2.8125000000e-01 7.8125000000e-02
7.8125000000e-02 6.4062500000e-01 2.8125000000e-01
2.8125000000e-01 7.8125000000e-02 6.4062500000e-01
6.2500000000e-02 8.7500000000e-01 6.2500000000e-02
6.2500000000e-02 6.2500000000e-02 8.7500000000e-01
8.7500000000e-01 6.2500000000e-02 6.2500000000e-02
3.2031250000e-01 2.8125000000e-01 3.9843750000e-01
3.9843750000e-01 3.2031250000e-01 2.8125000000e-01
2.8125000000e-01 3.9843750000e-01 3.2031250000e-01
2.8125000000e-01 0.0000000000e+00 7.1875000000e-01
7.1875000000e-01 2.8125000000e-01 0.0000000000e+00
0.0000000000e+00 7.1875000000e-01 2.8125000000e-01
1.4062500000e-01 2.8125000000e-01 5.7812500000e-01
5.7812500000e-01 1.4062500000e-01 2.8125000000e-01
2.8125000000e-01 5.7812500000e-01 1.4062500000e-01
1.8750000000e-01 1.2500000000e-01 6.8750000000e-01
5.9375000000e-01 3.7500000000e-01 3.1250000000e-02
5.7031250000e-01 2.8125000000e-01 1.4843750000e-01
6.8750000000e-01 1.8750000000e-01 1.2500000000e-01
3.1250000000e-02 5.9375000000e-01 3.7500000000e-01
1.4843750000e-01 5.7031250000e-01 2.8125000000e-01
1.2500000000e-01 6.8750000000e-01 1.8750000000e-01
3.7500000000e-01 3.1250000000e-02 5.9375000000e-01
2.8125000000e-01 1.4843750000e-01 5.7031250000e-01
6.8750000000e-01 1.2500000000e-01 1.8750000000e-01
7.5781250000e-01 1.5625000000e-01 8.5937500000e-02
1.8750000000e-01 6.8750000000e-01 1.2500000000e-01
8.5937500000e-02 7.5781250000e-01 1.5625000000e-01
1.2500000000e-01 1.8750000000e-01 6.8750000000e-01
1.5625000000e-01 8.5937500000e-02 7.5781250000e-01
1.5625000000e-02 7.8125000000e-01 2.0312500000e-01
1.6406250000e-01 3.4375000000e-01 4.9218750000e-01
2.0312500000e-01 1.5625000000e-02 7.8125000000e-01
4.9218750000e-01 1.6406250000e-01 3.4375000000e-01
7.8125000000e-01 2.0312500000e-01 1.5625000000e-02
3.4375000000e-01 4.9218750000e-01 1.6406250000e-01
2.8125000000e-01 3.4375000000e-01 3.7500000000e-01
3.7500000000e-01 2.8125000000e-01 3.4375000000e-01
3.4375000000e-01 3.7500000000e-01 2.8125000000e-01
2.3437500000e-02 3.7500000000e-01 6.0156250000e-01
6.0156250000e-01 2.3437500000e-02 3.7500000000e-01
3.7500000000e-01 6.0156250000e-01 2.3437500000e-02
