2.0000000000e-01 2.0000000000e-01 2.0000000000e-01 2.0000000000e-01 2.0000000000e-01
0.0000000000e+00 0.0000000000e+00 0.0000000000e+00 0.0000000000e+00 1.0000000000e+00
1.0000000000e+00 0.0000000000e+00 0.0000000000e+00 0.0000000000e+00 0.0000000000e+00
0.0000000000e+00 1.0000000000e+00 0.0000000000e+00 0.0000000000e+00 0.0000000000e+00
0.0000000000e+00 0.0000000000e+00 1.0000000000e+00 0.0000000000e+00 0.0000000000e+00
0.0000000000e+00 0.0000000000e+00 0.0000000000e+00 1.0000000000e+00 0.0000000000e+00
5.0000000000e-01 0.0000000000e+00 0.0000000000e+00 0.0000000000e+00 5.0000000000e-01
5.0000000000e-01 5.0000000000e-01 0.0000000000e+00 0.0000000000e+00 0.0000000000e+00
0.0000000000e+00 5.0000000000e-01 5.0000000000e-01 0.0000000000e+00 0.0000000000e+00
0.0000000000e+00 0.0000000000e+00 5.0000000000e-01 5.0000000000e-01 0.0000000000e+00
0.0000000000e+00 0.0000000000e+00 0.0000000000e+00 5.0000000000e-01 5.0000000000e-01
3.1250000000e-02 6.2500000000e-01 0.0000000000e+00 1.2500000000e-01 2.1875000000e-01
2.1875000000e-01 3.1250000000e-02 6.2500000000e-01 0.0000000000e+00 1.2500000000e-01
1.2500000000e-01 2.1875000000e-01 3.1250000000e-02 6.2500000000e-01 0.0000000000e+00
0.0000000000e+00 1.2500000000e-01 2.1875000000e-01 3.1250000000e-02 6.2500000000e-01
6.2500000000e-01 0.0000000000e+00 1.2500000000e-01 2.1875000000e-01 3.1250000000e-02
4.6875000000e-01 1.2500000000e-01 3.7500000000e-01 0.0000000000e+00 3.1250000000e-02
3.1250000000e-02 4.6875000000e-01 1.2500000000e-01 3.7500000000e-01 0.0000000000e+00
0.0000000000e+00 3.1250000000e-02 4.6875000000e-01 1.2500000000e-01 3.7500000000e-01
3.7500000000e-01 0.0000000000e+00 3.1250000000e-02 4.6875000000e-01 1.2500000000e-01
1.2500000000e-01 3.7500000000e-01 0.0000000000e+00 3.1250000000e-02 4.6875000000e-01
1.8750000000e-01 1.2500000000e-01 0.0000000000e+00 2.5000000000e-01 4.3750000000e-01
4.3750000000e-01 1.8750000000e-01 1.2500000000e-01 0.0000000000e+00 2.5000000000e-01
2.5000000000e-01 4.3750000000e-01 1.8750000000e-01 1.2500000000e-01 0.0000000000e+00
0.0000000000e+00 2.5000000000e-01 4.3750000000e-01 1.8750000000e-01 1.2500000000e-01
1.2500000000e-01 0.0000000000e+00 2.5000000000e-01 4.3750000000e-01 1.8750000000e-01
2.0312500000e-01 4.0625000000e-01 3.1250000000e-02 1.2500000000e-01 2.3437500000e-01
2.3437500000e-01 2.0312500000e-01 4.0625000000e-01 3.1250000000e-02 1.2500000000e-01
1.2500000000e-01 2.3437500000e-01 2.0312500000e-01 4.0625000000e-01 3.1250000000e-02
3.1250000000e-02 1.2500000000e-01 2.3437500000e-01 2.0312500000e-01 4.0625000000e-01
4.0625000000e-01 3.1250000000e-02 1.2500000000e-01 2.3437500000e-01 2.0312500000e-01
3.4375000000e-01 0.0000000000e+00 2.5000000000e-01 3.7500000000e-01 3.1250000000e-02
3.1250000000e-02 3.4375000000e-01 0.0000000000e+00 2.5000000000e-01 3.7500000000e-01
3.7500000000e-01 3.1250000000e-02 3.4375000000e-01 0.0000000000e+00 2.5000000000e-01
2.5000000000e-01 3.7500000000e-01 3.1250000000e-02 3.4375000000e-01 0.0000000000e+00
0.0000000000e+00 2.5000000000e-01 3.7500000000e-01 3.1250000000e-02 3.4375000000e-01
1.7187500000e-01 6.5625000000e-01 6.2500000000e-02 6.2500000000e-02 4.6875000000e-02
4.6875000000e-02 1.7187500000e-01 6.5625000000e-01 6.2500000000e-02 6.2500000000e-02
6.2500000000e-02 4.6875000000e-02 1.7187500000e-01 6.5625000000e-01 6.2500000000e-02
6.2500000000e-02 6.2500000000e-02 4.6875000000e-02 1.7187500000e-01 6.5625000000e-01
6.5625000000e-01 6.2500000000e-02 6.2500000000e-02 4.6875000000e-02 1.7187500000e-01
1.8750000000e-01 1.2500000000e-01 3.7500000000e-01 2.5000000000e-01 6.2500000000e-02
6.2500000000e-02 1.8750000000e-01 1.2500000000e-01 3.7500000000e-01 2.5000000000e-01
2.5000000000e-01 6.2500000000e-02 1.8750000000e-01 1.2500000000e-01 3.7500000000e-01
3.7500000000e-01 2.5000000000e-01 6.2500000000e-02 1.8750000000e-01 1.2500000000e-01
1.2500000000e-01 3.7500000000e-01 2.5000000000e-01 6.2500000000e-02 1.8750000000e-01
2.1875000000e-01 0.0000000000e+00 0.0000000000e+00 6.2500000000e-01 1.5625000000e-01
1.5625000000e-01 2.1875000000e-01 0.0000000000e+00 0.0000000000e+00 6.2500000000e-01
6.2500000000e-01 1.5625000000e-01 2.1875000000e-01 0.0000000000e+00 0.0000000000e+00
0.0000000000e+00 6.2500000000e-01 1.5625000000e-01 2.1875000000e-01 0.0000000000e+00
