2.0000000000e-01 2.0000000000e-01 2.0000000000e-01 2.0000000000e-01 2.0000000000e-01
0.0000000000e+00 0.0000000000e+00 0.0000000000e+00 0.0000000000e+00 1.0000000000e+00
1.0000000000e+00 0.0000000000e+00 0.0000000000e+00 0.0000000000e+00 0.0000000000e+00
0.0000000000e+00 1.0000000000e+00 0.0000000000e+00 0.0000000000e+00 0.0000000000e+00
0.0000000000e+00 0.0000000000e+00 1.0000000000e+00 0.0000000000e+00 0.0000000000e+00
0.0000000000e+00 0.0000000000e+00 0.0000000000e+00 1.0000000000e+00 0.0000000000e+00
5.0000000000e-01 0.0000000000e+00 0.0000000000e+00 0.0000000000e+00 5.0000000000e-01
5.0000000000e-01 5.0000000000e-01 0.0000000000e+00 0.0000000000e+00 0.0000000000e+00
0.0000000000e+00 5.0000000000e-01 5.0000000000e-01 0.0000000000e+00 0.0000000000e+00
0.0000000000e+00 0.0000000000e+00 5.0000000000e-01 5.0000000000e-01 0.0000000000e+00
0.0000000000e+00 0.0000000000e+00 0.0000000000e+00 5.0000000000e-01 5.0000000000e-01
3.1054687500e-01 7.8125000000e-03 2.3437500000e-02 5.8984375000e-01 6.8359375000e-02
6.8359375000e-02 3.1054687500e-01 7.8125000000e-03 2.3437500000e-02 5.8984375000e-01
5.8984375000e-01 6.8359375000e-02 3.1054687500e-01 7.8125000000e-03 2.3437500000e-02
2.3437500000e-02 5.8984375000e-01 6.8359375000e-02 3.1054687500e-01 7.8125000000e-03
7.8125000000e-03 2.3437500000e-02 5.8984375000e-01 6.8359375000e-02 3.1054687500e-01
2.4218750000e-01 1.2304687500e-01 5.6933593750e-01 5.5664062500e-02 9.7656250000e-03
5.5664062500e-02 9.7656250000e-03 2.4218750000e-01 1.2304687500e-01 5.6933593750e-01
5.6933593750e-01 5.5664062500e-02 9.7656250000e-03 2.4218750000e-01 1.2304687500e-01
1.2304687500e-01 5.6933593750e-01 5.5664062500e-02 9.7656250000e-03 2.4218750000e-01
9.7656250000e-03 2.4218750000e-01 1.2304687500e-01 5.6933593750e-01 5.5664062500e-02
0.0000000000e+00 3.1640625000e-01 3.1445312500e-01 9.7656250000e-03 3.5937500000e-01
9.7656250000e-03 3.5937500000e-01 0.0000000000e+00 3.1640625000e-01 3.1445312500e-01
3.1445312500e-01 9.7656250000e-03 3.5937500000e-01 0.0000000000e+00 3.1640625000e-01
3.1640625000e-01 3.1445312500e-01 9.7656250000e-03 3.5937500000e-01 0.0000000000e+00
3.5937500000e-01 0.0000000000e+00 3.1640625000e-01 3.1445312500e-01 9.7656250000e-03
2.5488281250e-01 4.5898437500e-01 2.4804687500e-01 3.3203125000e-02 4.8828125000e-03
4.8828125000e-03 2.5488281250e-01 4.5898437500e-01 2.4804687500e-01 3.3203125000e-02
3.3203125000e-02 4.8828125000e-03 2.5488281250e-01 4.5898437500e-01 2.4804687500e-01
2.4804687500e-01 3.3203125000e-02 4.8828125000e-03 2.5488281250e-01 4.5898437500e-01
4.5898437500e-01 2.4804687500e-01 3.3203125000e-02 4.8828125000e-03 2.5488281250e-01
1.4648437500e-02 6.5917968750e-01 2.4804687500e-01 2.5390625000e-02 5.2734375000e-02
5.2734375000e-02 1.4648437500e-02 6.5917968750e-01 2.4804687500e-01 2.5390625000e-02
2.5390625000e-02 5.2734375000e-02 1.4648437500e-02 6.5917968750e-01 2.4804687500e-01
6.5917968750e-01 2.4804687500e-01 2.5390625000e-02 5.2734375000e-02 1.4648437500e-02
2.4804687500e-01 2.5390625000e-02 5.2734375000e-02 1.4648437500e-02 6.5917968750e-01
2.0507812500e-02 1.9531250000e-03 2.3632812500e-01 6.9335937500e-01 4.7851562500e-02
4.7851562500e-02 2.0507812500e-02 1.9531250000e-03 2.3632812500e-01 6.9335937500e-01
6.9335937500e-01 4.7851562500e-02 2.0507812500e-02 1.9531250000e-03 2.3632812500e-01
2.3632812500e-01 6.9335937500e-01 4.7851562500e-02 2.0507812500e-02 1.9531250000e-03
1.9531250000e-03 2.3632812500e-01 6.9335937500e-01 4.7851562500e-02 2.0507812500e-02
1.5332031250e-01 1.4843750000e-01 1.9531250000e-03 4.2968750000e-01 2.6660156250e-01
2.6660156250e-01 1.5332031250e-01 1.4843750000e-01 1.9531250000e-03 4.2968750000e-01
4.2968750000e-01 2.6660156250e-01 1.5332031250e-01 1.4843750000e-01 1.9531250000e-03
1.9531250000e-03 4.2968750000e-01 2.6660156250e-01 1.5332031250e-01 1.4843750000e-01
1.4843750000e-01 1.9531250000e-03 4.2968750000e-01 2.6660156250e-01 1.5332031250e-01
1.4453125000e-01 1.5625000000e-01 2.7343750000e-01 3.9843750000e-01 2.7343750000e-02
2.7343750000e-02 1.4453125000e-01 1.5625000000e-01 2.7343750000e-01 3.9843750000e-01
3.9843750000e-01 2.7343750000e-02 1.4453125000e-01 1.5625000000e-01 2.7343750000e-01
2.7343750000e-01 3.9843750000e-01 2.7343750000e-02 1.4453125000e-01 1.5625000000e-01
1.5625000000e-01 2.7343750000e-01 3.9843750000e-01 2.7343750000e-02 1.4453125000e-01
1.1230468750e-01 3.6718750000e-01 1.5429687500e-01 3.1250000000e-01 5.3710937500e-02
5.3710937500e-02 1.1230468750e-01 3.6718750000e-01 1.5429687500e-01 3.1250000000e-01
3.1250000000e-01 5.3710937500e-02 1.1230468750e-01 3.6718750000e-01 1.5429687500e-01
1.5429687500e-01 3.1250000000e-01 5.3710937500e-02 1.1230468750e-01 3.6718750000e-01
3.6718750000e-01 1.5429687500e-01 3.1250000000e-01 5.3710937500e-02 1.1230468750e-01
4.4921875000e-02 7.3046875000e-01 1.5625000000e-02 9.3750000000e-02 1.1523437500e-01
1.1523437500e-01 4.4921875000e-02 7.3046875000e-01 1.5625000000e-02 9.3750000000e-02
9.3750000000e-02 1.1523437500e-01 4.4921875000e-02 7.3046875000e-01 1.5625000000e-02
1.5625000000e-02 9.3750000000e-02 1.1523437500e-01 4.4921875000e-02 7.3046875000e-01
7.3046875000e-01 1.5625000000e-02 9.3750000000e-02 1.1523437500e-01 4.4921875000e-02
1.5820312500e-01 3.7890625000e-01 2.1484375000e-01 0.0000000000e+00 2.4804687500e-01
2.4804687500e-01 1.5820312500e-01 3.7890625000e-01 2.1484375000e-01 0.0000000000e+00
0.0000000000e+00 2.4804687500e-01 1.5820312500e-01 3.7890625000e-01 2.1484375000e-01
2.1484375000e-01 0.0000000000e+00 2.4804687500e-01 1.5820312500e-01 3.7890625000e-01
3.7890625000e-01 2.1484375000e-01 0.0000000000e+00 2.4804687500e-01 1.5820312500e-01
5.7031250000e-01 1.4062500000e-01 1.4062500000e-01 0.0000000000e+00 1.4843750000e-01
1.4843750000e-01 5.7031250000e-01 1.4062500000e-01 1.4062500000e-01 0.0000000000e+00
0.0000000000e+00 1.4843750000e-01 5.7031250000e-01 1.4062500000e-01 1.4062500000e-01
1.4062500000e-01 0.0000000000e+00 1.4843750000e-01 5.7031250000e-01 1.4062500000e-01
1.4062500000e-01 1.4062500000e-01 0.0000000000e+00 1.4843750000e-01 5.7031250000e-01
2.9296875000e-02 7.0312500000e-02 3.9843750000e-01 2.7343750000e-02 4.7460937500e-01
4.7460937500e-01 2.9296875000e-02 7.0312500000e-02 3.9843750000e-01 2.7343750000e-02
2.7343750000e-02 4.7460937500e-01 2.9296875000e-02 7.0312500000e-02 3.9843750000e-01
3.9843750000e-01 2.7343750000e-02 4.7460937500e-01 2.9296875000e-02 7.0312500000e-02
7.0312500000e-02 3.9843750000e-01 2.7343750000e-02 4.7460937500e-01 2.9296875000e-02
2.6367187500e-02 1.2304687500e-01 0.0000000000e+00 3.2226562500e-01 5.2832031250e-01
5.2832031250e-01 2.6367187500e-02 1.2304687500e-01 0.0000000000e+00 3.2226562500e-01
3.2226562500e-01 5.2832031250e-01 2.6367187500e-02 1.2304687500e-01 0.0000000000e+00
1.2304687500e-01 0.0000000000e+00 3.2226562500e-01 5.2832031250e-01 2.6367187500e-02
0.0000000000e+00 3.2226562500e-01 5.2832031250e-01 2.6367187500e-02 1.2304687500e-01
6.6406250000e-02 2.0312500000e-01 2.2656250000e-01 7.8125000000e-03 4.9609375000e-01
4.9609375000e-01 6.6406250000e-02 2.0312500000e-01 2.2656250000e-01 7.8125000000e-03
7.8125000000e-03 4.9609375000e-01 6.6406250000e-02 2.0312500000e-01 2.2656250000e-01
2.2656250000e-01 7.8125000000e-03 4.9609375000e-01 6.6406250000e-02 2.0312500000e-01
2.0312500000e-01 2.2656250000e-01 7.8125000000e-03 4.9609375000e-01 6.6406250000e-02
3.9062500000e-03 3.0468750000e-01 2.8125000000e-01 4.0625000000e-01 3.9062500000e-03
3.9062500000e-03 3.9062500000e-03 3.0468750000e-01 2.8125000000e-01 4.0625000000e-01
4.0625000000e-01 3.9062500000e-03 3.9062500000e-03 3.0468750000e-01 2.8125000000e-01
2.8125000000e-01 4.0625000000e-01 3.9062500000e-03 3.9062500000e-03 3.0468750000e-01
3.0468750000e-01 2.8125000000e-01 4.0625000000e-01 3.9062500000e-03 3.9062500000e-03
3.5253906250e-01 3.1250000000e-01 1.5820312500e-01 7.8125000000e-03 1.6894531250e-01
1.6894531250e-01 3.5253906250e-01 3.1250000000e-01 1.5820312500e-01 7.8125000000e-03
7.8125000000e-03 1.6894531250e-01 3.5253906250e-01 3.1250000000e-01 1.5820312500e-01
1.5820312500e-01 7.8125000000e-03 1.6894531250e-01 3.5253906250e-01 3.1250000000e-01
3.1250000000e-01 1.5820312500e-01 7.8125000000e-03 1.6894531250e-01 3.5253906250e-01
5.1367187500e-01 3.3007812500e-01 6.2500000000e-02 3.9062500000e-03 8.9843750000e-02
8.9843750000e-02 5.1367187500e-01 3.3007812500e-01 6.2500000000e-02 3.9062500000e-03
3.9062500000e-03 8.9843750000e-02 5.1367187500e-01 3.3007812500e-01 6.2500000000e-02
6.2500000000e-02 3.9062500000e-03 8.9843750000e-02 5.1367187500e-01 3.3007812500e-01
3.3007812500e-01 6.2500000000e-02 3.9062500000e-03 8.9843750000e-02 5.1367187500e-01
3.3984375000e-01 7.8125000000e-03 3.1250000000e-01 1.4062500000e-01 1.9921875000e-01
1.9921875000e-01 3.3984375000e-01 7.8125000000e-03 3.1250000000e-01 1.4062500000e-01
1.4062500000e-01 1.9921875000e-01 3.3984375000e-01 7.8125000000e-03 3.1250000000e-01
3.1250000000e-01 1.4062500000e-01 1.9921875000e-01 3.3984375000e-01 7.8125000000e-03
7.8125000000e-03 3.1250000000e-01 1.4062500000e-01 1.9921875000e-01 3.3984375000e-01
3.6132812500e-01 1.5625000000e-01 3.9062500000e-03 4.3359375000e-01 4.4921875000e-02
4.4921875000e-02 3.6132812500e-01 1.5625000000e-01 3.9062500000e-03 4.3359375000e-01
3.9062500000e-03 4.3359375000e-01 4.4921875000e-02 3.6132812500e-01 1.5625000000e-01
4.3359375000e-01 4.4921875000e-02 3.6132812500e-01 1.5625000000e-01 3.9062500000e-03
1.5625000000e-01 3.9062500000e-03 4.3359375000e-01 4.4921875000e-02 3.6132812500e-01
1.0351562500e-01 2.1875000000e-01 3.9062500000e-03 2.9296875000e-01 3.8085937500e-01
3.8085937500e-01 1.0351562500e-01 2.1875000000e-01 3.9062500000e-03 2.9296875000e-01
2.9296875000e-01 3.8085937500e-01 1.0351562500e-01 2.1875000000e-01 3.9062500000e-03
3.9062500000e-03 2.9296875000e-01 3.8085937500e-01 1.0351562500e-01 2.1875000000e-01
2.1875000000e-01 3.9062500000e-03 2.9296875000e-01 3.8085937500e-01 1.0351562500e-01
5.3222656250e-01 2.4609375000e-01 5.8593750000e-03 1.7187500000e-01 4.3945312500e-02
4.3945312500e-02 5.3222656250e-01 2.4609375000e-01 5.8593750000e-03 1.7187500000e-01
1.7187500000e-01 4.3945312500e-02 5.3222656250e-01 2.4609375000e-01 5.8593750000e-03
5.8593750000e-03 1.7187500000e-01 4.3945312500e-02 5.3222656250e-01 2.4609375000e-01
2.4609375000e-01 5.8593750000e-03 1.7187500000e-01 4.3945312500e-02 5.3222656250e-01
3.9746093750e-01 4.1503906250e-01 1.5820312500e-01 7.8125000000e-03 2.1484375000e-02
2.1484375000e-02 3.9746093750e-01 4.1503906250e-01 1.5820312500e-01 7.8125000000e-03
4.1503906250e-01 1.5820312500e-01 7.8125000000e-03 2.1484375000e-02 3.9746093750e-01
7.8125000000e-03 2.1484375000e-02 3.9746093750e-01 4.1503906250e-01 1.5820312500e-01
1.5820312500e-01 7.8125000000e-03 2.1484375000e-02 3.9746093750e-01 4.1503906250e-01
2.0507812500e-01 3.7890625000e-01 1.7968750000e-01 1.1718750000e-01 1.1914062500e-01
1.1914062500e-01 2.0507812500e-01 3.7890625000e-01 1.7968750000e-01 1.1718750000e-01
1.1718750000e-01 1.1914062500e-01 2.0507812500e-01 3.7890625000e-01 1.7968750000e-01
1.7968750000e-01 1.1718750000e-01 1.1914062500e-01 2.0507812500e-01 3.7890625000e-01
3.7890625000e-01 1.7968750000e-01 1.1718750000e-01 1.1914062500e-01 2.0507812500e-01
1.6015625000e-01 1.4062500000e-01 5.3906250000e-01 7.8125000000e-03 1.5234375000e-01
1.5234375000e-01 1.6015625000e-01 1.4062500000e-01 5.3906250000e-01 7.8125000000e-03
7.8125000000e-03 1.5234375000e-01 1.6015625000e-01 1.4062500000e-01 5.3906250000e-01
5.3906250000e-01 7.8125000000e-03 1.5234375000e-01 1.6015625000e-01 1.4062500000e-01
1.4062500000e-01 5.3906250000e-01 7.8125000000e-03 1.5234375000e-01 1.6015625000e-01
5.8593750000e-02 7.8125000000e-03 8.3593750000e-01 9.3750000000e-02 3.9062500000e-03
3.9062500000e-03 5.8593750000e-02 7.8125000000e-03 8.3593750000e-01 9.3750000000e-02
9.3750000000e-02 3.9062500000e-03 5.8593750000e-02 7.8125000000e-03 8.3593750000e-01
8.3593750000e-01 9.3750000000e-02 3.9062500000e-03 5.8593750000e-02 7.8125000000e-03
7.8125000000e-03 8.3593750000e-01 9.3750000000e-02 3.9062500000e-03 5.8593750000e-02
1.5332031250e-01 2.5781250000e-01 5.2539062500e-01 3.9062500000e-02 2.4414062500e-02
2.4414062500e-02 1.5332031250e-01 2.5781250000e-01 5.2539062500e-01 3.9062500000e-02
3.9062500000e-02 2.4414062500e-02 1.5332031250e-01 2.5781250000e-01 5.2539062500e-01
5.2539062500e-01 3.9062500000e-02 2.4414062500e-02 1.5332031250e-01 2.5781250000e-01
2.5781250000e-01 5.2539062500e-01 3.9062500000e-02 2.4414062500e-02 1.5332031250e-01
2.9296875000e-02 2.5292968750e-01 6.8359375000e-03 1.8554687500e-01 5.2539062500e-01
5.2539062500e-01 2.9296875000e-02 2.5292968750e-01 6.8359375000e-03 1.8554687500e-01
1.8554687500e-01 5.2539062500e-01 2.9296875000e-02 2.5292968750e-01 6.8359375000e-03
6.8359375000e-03 1.8554687500e-01 5.2539062500e-01 2.9296875000e-02 2.5292968750e-01
2.5292968750e-01 6.8359375000e-03 1.8554687500e-01 5.2539062500e-01 2.9296875000e-02
2.2949218750e-01 1.9335937500e-01 1.0937500000e-01 3.6132812500e-01 1.0644531250e-01
1.0644531250e-01 2.2949218750e-01 1.9335937500e-01 1.0937500000e-01 3.6132812500e-01
3.6132812500e-01 1.0644531250e-01 2.2949218750e-01 1.9335937500e-01 1.0937500000e-01
1.0937500000e-01 3.6132812500e-01 1.0644531250e-01 2.2949218750e-01 1.9335937500e-01
1.9335937500e-01 1.0937500000e-01 3.6132812500e-01 1.0644531250e-01 2.2949218750e-01
1.9531250000e-02 3.1250000000e-02 3.9062500000e-01 2.8906250000e-01 2.6953125000e-01
2.6953125000e-01 1.9531250000e-02 3.1250000000e-02 3.9062500000e-01 2.8906250000e-01
2.8906250000e-01 2.6953125000e-01 1.9531250000e-02 3.1250000000e-02 3.9062500000e-01
3.9062500000e-01 2.8906250000e-01 2.6953125000e-01 1.9531250000e-02 3.1250000000e-02
3.1250000000e-02 3.9062500000e-01 2.8906250000e-01 2.6953125000e-01 1.9531250000e-02
6.5625000000e-01 1.2500000000e-01 0.0000000000e+00 1.2500000000e-01 9.3750000000e-02
9.3750000000e-02 6.5625000000e-01 1.2500000000e-01 0.0000000000e+00 1.2500000000e-01
1.2500000000e-01 9.3750000000e-02 6.5625000000e-01 1.2500000000e-01 0.0000000000e+00
0.0000000000e+00 1.2500000000e-01 9.3750000000e-02 6.5625000000e-01 1.2500000000e-01
1.2500000000e-01 0.0000000000e+00 1.2500000000e-01 9.3750000000e-02 6.5625000000e-01
2.6855468750e-01 2.9296875000e-02 4.3359375000e-01 1.7773437500e-01 9.0820312500e-02
9.0820312500e-02 2.6855468750e-01 2.9296875000e-02 4.3359375000e-01 1.7773437500e-01
1.7773437500e-01 9.0820312500e-02 2.6855468750e-01 2.9296875000e-02 4.3359375000e-01
4.3359375000e-01 1.7773437500e-01 9.0820312500e-02 2.6855468750e-01 2.9296875000e-02
2.9296875000e-02 4.3359375000e-01 1.7773437500e-01 9.0820312500e-02 2.6855468750e-01
3.9062500000e-03 5.6250000000e-01 2.0312500000e-01 2.2656250000e-01 3.9062500000e-03
3.9062500000e-03 3.9062500000e-03 5.6250000000e-01 2.0312500000e-01 2.2656250000e-01
2.2656250000e-01 3.9062500000e-03 3.9062500000e-03 5.6250000000e-01 2.0312500000e-01
2.0312500000e-01 2.2656250000e-01 3.9062500000e-03 3.9062500000e-03 5.6250000000e-01
5.6250000000e-01 2.0312500000e-01 2.2656250000e-01 3.9062500000e-03 3.9062500000e-03
4.0527343750e-01 3.1835937500e-01 3.3203125000e-02 1.4257812500e-01 1.0058593750e-01
1.0058593750e-01 4.0527343750e-01 3.1835937500e-01 3.3203125000e-02 1.4257812500e-01
1.4257812500e-01 1.0058593750e-01 4.0527343750e-01 3.1835937500e-01 3.3203125000e-02
3.3203125000e-02 1.4257812500e-01 1.0058593750e-01 4.0527343750e-01 3.1835937500e-01
3.1835937500e-01 3.3203125000e-02 1.4257812500e-01 1.0058593750e-01 4.0527343750e-01
1.9433593750e-01 3.7109375000e-02 2.6757812500e-01 2.5585937500e-01 2.4511718750e-01
2.4511718750e-01 1.9433593750e-01 3.7109375000e-02 2.6757812500e-01 2.5585937500e-01
2.5585937500e-01 2.4511718750e-01 1.9433593750e-01 3.7109375000e-02 2.6757812500e-01
2.6757812500e-01 2.5585937500e-01 2.4511718750e-01 1.9433593750e-01 3.7109375000e-02
3.7109375000e-02 2.6757812500e-01 2.5585937500e-01 2.4511718750e-01 1.9433593750e-01
1.2695312500e-01 1.2890625000e-01 1.5234375000e-01 0.0000000000e+00 5.9179687500e-01
5.9179687500e-01 1.2695312500e-01 1.2890625000e-01 1.5234375000e-01 0.0000000000e+00
0.0000000000e+00 5.9179687500e-01 1.2695312500e-01 1.2890625000e-01 1.5234375000e-01
1.5234375000e-01 0.0000000000e+00 5.9179687500e-01 1.2695312500e-01 1.2890625000e-01
1.2890625000e-01 1.5234375000e-01 0.0000000000e+00 5.9179687500e-01 1.2695312500e-01
6.9726562500e-01 4.2968750000e-02 1.7968750000e-01 0.0000000000e+00 8.0078125000e-02
8.0078125000e-02 6.9726562500e-01 4.2968750000e-02 1.7968750000e-01 0.0000000000e+00
0.0000000000e+00 8.0078125000e-02 6.9726562500e-01 4.2968750000e-02 1.7968750000e-01
1.7968750000e-01 0.0000000000e+00 8.0078125000e-02 6.9726562500e-01 4.2968750000e-02
4.2968750000e-02 1.7968750000e-01 0.0000000000e+00 8.0078125000e-02 6.9726562500e-01
2.8906250000e-01 2.5000000000e-01 1.0937500000e-01 2.3437500000e-01 1.1718750000e-01
2.3437500000e-01 1.1718750000e-01 2.8906250000e-01 2.5000000000e-01 1.0937500000e-01
1.0937500000e-01 2.3437500000e-01 1.1718750000e-01 2.8906250000e-01 2.5000000000e-01
2.5000000000e-01 1.0937500000e-01 2.3437500000e-01 1.1718750000e-01 2.8906250000e-01
1.1718750000e-01 2.8906250000e-01 2.5000000000e-01 1.0937500000e-01 2.3437500000e-01
3.1250000000e-02 6.2500000000e-01 0.0000000000e+00 1.2500000000e-01 2.1875000000e-01
2.1875000000e-01 3.1250000000e-02 6.2500000000e-01 0.0000000000e+00 1.2500000000e-01
1.2500000000e-01 2.1875000000e-01 3.1250000000e-02 6.2500000000e-01 0.0000000000e+00
0.0000000000e+00 1.2500000000e-01 2.1875000000e-01 3.1250000000e-02 6.2500000000e-01
6.2500000000e-01 0.0000000000e+00 1.2500000000e-01 2.1875000000e-01 3.1250000000e-02
2.4316406250e-01 1.9531250000e-03 6.3281250000e-01 1.1523437500e-01 6.8359375000e-03
6.8359375000e-03 2.4316406250e-01 1.9531250000e-03 6.3281250000e-01 1.1523437500e-01
1.1523437500e-01 6.8359375000e-03 2.4316406250e-01 1.9531250000e-03 6.3281250000e-01
6.3281250000e-01 1.1523437500e-01 6.8359375000e-03 2.4316406250e-01 1.9531250000e-03
1.9531250000e-03 6.3281250000e-01 1.1523437500e-01 6.8359375000e-03 2.4316406250e-01
3.7500000000e-01 0.0000000000e+00 3.1250000000e-02 4.6875000000e-01 1.2500000000e-01
1.2500000000e-01 3.7500000000e-01 0.0000000000e+00 3.1250000000e-02 4.6875000000e-01
4.6875000000e-01 1.2500000000e-01 3.7500000000e-01 0.0000000000e+00 3.1250000000e-02
3.1250000000e-02 4.6875000000e-01 1.2500000000e-01 3.7500000000e-01 0.0000000000e+00
0.0000000000e+00 3.1250000000e-02 4.6875000000e-01 1.2500000000e-01 3.7500000000e-01
5.3320312500e-01 9.3750000000e-02 0.0000000000e+00 3.5156250000e-02 3.3789062500e-01
3.3789062500e-01 5.3320312500e-01 9.3750000000e-02 0.0000000000e+00 3.5156250000e-02
3.5156250000e-02 3.3789062500e-01 5.3320312500e-01 9.3750000000e-02 0.0000000000e+00
0.0000000000e+00 3.5156250000e-02 3.3789062500e-01 5.3320312500e-01 9.3750000000e-02
9.3750000000e-02 0.0000000000e+00 3.5156250000e-02 3.3789062500e-01 5.3320312500e-01
5.0292968750e-01 1.8164062500e-01 6.6406250000e-02 1.1132812500e-01 1.3769531250e-01
1.3769531250e-01 5.0292968750e-01 1.8164062500e-01 6.6406250000e-02 1.1132812500e-01
1.1132812500e-01 1.3769531250e-01 5.0292968750e-01 1.8164062500e-01 6.6406250000e-02
6.6406250000e-02 1.1132812500e-01 1.3769531250e-01 5.0292968750e-01 1.8164062500e-01
1.8164062500e-01 6.6406250000e-02 1.1132812500e-01 1.3769531250e-01 5.0292968750e-01
1.9531250000e-03 2.8515625000e-01 1.2109375000e-01 9.3750000000e-02 4.9804687500e-01
4.9804687500e-01 1.9531250000e-03 2.8515625000e-01 1.2109375000e-01 9.3750000000e-02
9.3750000000e-02 4.9804687500e-01 1.9531250000e-03 2.8515625000e-01 1.2109375000e-01
1.2109375000e-01 9.3750000000e-02 4.9804687500e-01 1.9531250000e-03 2.8515625000e-01
2.8515625000e-01 1.2109375000e-01 9.3750000000e-02 4.9804687500e-01 1.9531250000e-03
1.2011718750e-01 2.4804687500e-01 1.6796875000e-01 4.2773437500e-01 3.6132812500e-02
3.6132812500e-02 1.2011718750e-01 2.4804687500e-01 1.6796875000e-01 4.2773437500e-01
4.2773437500e-01 3.6132812500e-02 1.2011718750e-01 2.4804687500e-01 1.6796875000e-01
1.6796875000e-01 4.2773437500e-01 3.6132812500e-02 1.2011718750e-01 2.4804687500e-01
2.4804687500e-01 1.6796875000e-01 4.2773437500e-01 3.6132812500e-02 1.2011718750e-01
3.7011718750e-01 2.4804687500e-01 0.0000000000e+00 1.3476562500e-01 2.4707031250e-01
2.4707031250e-01 3.7011718750e-01 2.4804687500e-01 0.0000000000e+00 1.3476562500e-01
1.3476562500e-01 2.4707031250e-01 3.7011718750e-01 2.4804687500e-01 0.0000000000e+00
0.0000000000e+00 1.3476562500e-01 2.4707031250e-01 3.7011718750e-01 2.4804687500e-01
2.4804687500e-01 0.0000000000e+00 1.3476562500e-01 2.4707031250e-01 3.7011718750e-01
3.4179687500e-02 1.7773437500e-01 3.7500000000e-01 3.7695312500e-01 3.6132812500e-02
3.6132812500e-02 3.4179687500e-02 1.7773437500e-01 3.7500000000e-01 3.7695312500e-01
3.7695312500e-01 3.6132812500e-02 3.4179687500e-02 1.7773437500e-01 3.7500000000e-01
3.7500000000e-01 3.7695312500e-01 3.6132812500e-02 3.4179687500e-02 1.7773437500e-01
1.7773437500e-01 3.7500000000e-01 3.7695312500e-01 3.6132812500e-02 3.4179687500e-02
1.9531250000e-03 4.0234375000e-01 5.4687500000e-02 1.5625000000e-02 5.2539062500e-01
5.2539062500e-01 1.9531250000e-03 4.0234375000e-01 5.4687500000e-02 1.5625000000e-02
1.5625000000e-02 5.2539062500e-01 1.9531250000e-03 4.0234375000e-01 5.4687500000e-02
4.0234375000e-01 5.4687500000e-02 1.5625000000e-02 5.2539062500e-01 1.9531250000e-03
5.4687500000e-02 1.5625000000e-02 5.2539062500e-01 1.9531250000e-03 4.0234375000e-01
8.1933593750e-01 3.7109375000e-02 1.7578125000e-02 5.8593750000e-03 1.2011718750e-01
1.2011718750e-01 8.1933593750e-01 3.7109375000e-02 1.7578125000e-02 5.8593750000e-03
5.8593750000e-03 1.2011718750e-01 8.1933593750e-01 3.7109375000e-02 1.7578125000e-02
1.7578125000e-02 5.8593750000e-03 1.2011718750e-01 8.1933593750e-01 3.7109375000e-02
3.7109375000e-02 1.7578125000e-02 5.8593750000e-03 1.2011718750e-01 8.1933593750e-01
1.8652343750e-01 2.3242187500e-01 2.1289062500e-01 3.1054687500e-01 5.7617187500e-02
5.7617187500e-02 1.8652343750e-01 2.3242187500e-01 2.1289062500e-01 3.1054687500e-01
3.1054687500e-01 5.7617187500e-02 1.8652343750e-01 2.3242187500e-01 2.1289062500e-01
2.1289062500e-01 3.1054687500e-01 5.7617187500e-02 1.8652343750e-01 2.3242187500e-01
2.3242187500e-01 2.1289062500e-01 3.1054687500e-01 5.7617187500e-02 1.8652343750e-01
1.8164062500e-01 1.5625000000e-02 1.7578125000e-01 4.3359375000e-01 1.9335937500e-01
1.9335937500e-01 1.8164062500e-01 1.5625000000e-02 1.7578125000e-01 4.3359375000e-01
4.3359375000e-01 1.9335937500e-01 1.8164062500e-01 1.5625000000e-02 1.7578125000e-01
1.7578125000e-01 4.3359375000e-01 1.9335937500e-01 1.8164062500e-01 1.5625000000e-02
1.5625000000e-02 1.7578125000e-01 4.3359375000e-01 1.9335937500e-01 1.8164062500e-01
2.2851562500e-01 2.6757812500e-01 3.4375000000e-01 9.3750000000e-02 6.6406250000e-02
9.3750000000e-02 6.6406250000e-02 2.2851562500e-01 2.6757812500e-01 3.4375000000e-01
3.4375000000e-01 9.3750000000e-02 6.6406250000e-02 2.2851562500e-01 2.6757812500e-01
2.6757812500e-01 3.4375000000e-01 9.3750000000e-02 6.6406250000e-02 2.2851562500e-01
6.6406250000e-02 2.2851562500e-01 2.6757812500e-01 3.4375000000e-01 9.3750000000e-02
5.2636718750e-01 1.2304687500e-01 0.0000000000e+00 3.2226562500e-01 2.8320312500e-02
2.8320312500e-02 5.2636718750e-01 1.2304687500e-01 0.0000000000e+00 3.2226562500e-01
3.2226562500e-01 2.8320312500e-02 5.2636718750e-01 1.2304687500e-01 0.0000000000e+00
0.0000000000e+00 3.2226562500e-01 2.8320312500e-02 5.2636718750e-01 1.2304687500e-01
1.2304687500e-01 0.0000000000e+00 3.2226562500e-01 2.8320312500e-02 5.2636718750e-01
1.5625000000e-01 0.0000000000e+00 1.2500000000e-01 2.5000000000e-01 4.6875000000e-01
4.6875000000e-01 1.5625000000e-01 0.0000000000e+00 1.2500000000e-01 2.5000000000e-01
2.5000000000e-01 4.6875000000e-01 1.5625000000e-01 0.0000000000e+00 1.2500000000e-01
1.2500000000e-01 2.5000000000e-01 4.6875000000e-01 1.5625000000e-01 0.0000000000e+00
0.0000000000e+00 1.2500000000e-01 2.5000000000e-01 4.6875000000e-01 1.5625000000e-01
1.4550781250e-01 2.4023437500e-01 9.3750000000e-02 6.0546875000e-02 4.5996093750e-01
4.5996093750e-01 1.4550781250e-01 2.4023437500e-01 9.3750000000e-02 6.0546875000e-02
6.0546875000e-02 4.5996093750e-01 1.4550781250e-01 2.4023437500e-01 9.3750000000e-02
9.3750000000e-02 6.0546875000e-02 4.5996093750e-01 1.4550781250e-01 2.4023437500e-01
2.4023437500e-01 9.3750000000e-02 6.0546875000e-02 4.5996093750e-01 1.4550781250e-01
4.6875000000e-02 1.2500000000e-01 1.5625000000e-01 6.5625000000e-01 1.5625000000e-02
1.5625000000e-02 4.6875000000e-02 1.2500000000e-01 1.5625000000e-01 6.5625000000e-01
6.5625000000e-01 1.5625000000e-02 4.6875000000e-02 1.2500000000e-01 1.5625000000e-01
1.5625000000e-01 6.5625000000e-01 1.5625000000e-02 4.6875000000e-02 1.2500000000e-01
1.2500000000e-01 1.5625000000e-01 6.5625000000e-01 1.5625000000e-02 4.6875000000e-02
1.7578125000e-02 5.8593750000e-02 7.0312500000e-02 4.2187500000e-01 4.3164062500e-01
4.3164062500e-01 1.7578125000e-02 5.8593750000e-02 7.0312500000e-02 4.2187500000e-01
4.2187500000e-01 4.3164062500e-01 1.7578125000e-02 5.8593750000e-02 7.0312500000e-02
7.0312500000e-02 4.2187500000e-01 4.3164062500e-01 1.7578125000e-02 5.8593750000e-02
5.8593750000e-02 7.0312500000e-02 4.2187500000e-01 4.3164062500e-01 1.7578125000e-02
3.3203125000e-02 0.0000000000e+00 3.4765625000e-01 1.2109375000e-01 4.9804687500e-01
4.9804687500e-01 3.3203125000e-02 0.0000000000e+00 3.4765625000e-01 1.2109375000e-01
1.2109375000e-01 4.9804687500e-01 3.3203125000e-02 0.0000000000e+00 3.4765625000e-01
3.4765625000e-01 1.2109375000e-01 4.9804687500e-01 3.3203125000e-02 0.0000000000e+00
0.0000000000e+00 3.4765625000e-01 1.2109375000e-01 4.9804687500e-01 3.3203125000e-02
5.9667968750e-01 1.6113281250e-01 2.5390625000e-02 3.9062500000e-02 1.7773437500e-01
1.6113281250e-01 2.5390625000e-02 3.9062500000e-02 1.7773437500e-01 5.9667968750e-01
1.7773437500e-01 5.9667968750e-01 1.6113281250e-01 2.5390625000e-02 3.9062500000e-02
3.9062500000e-02 1.7773437500e-01 5.9667968750e-01 1.6113281250e-01 2.5390625000e-02
2.5390625000e-02 3.9062500000e-02 1.7773437500e-01 5.9667968750e-01 1.6113281250e-01
9.3750000000e-02 3.1250000000e-02 3.1250000000e-01 1.7187500000e-01 3.9062500000e-01
3.9062500000e-01 9.3750000000e-02 3.1250000000e-02 3.1250000000e-01 1.7187500000e-01
1.7187500000e-01 3.9062500000e-01 9.3750000000e-02 3.1250000000e-02 3.1250000000e-01
3.1250000000e-01 1.7187500000e-01 3.9062500000e-01 9.3750000000e-02 3.1250000000e-02
3.1250000000e-02 3.1250000000e-01 1.7187500000e-01 3.9062500000e-01 9.3750000000e-02
1.3183593750e-01 3.1054687500e-01 2.4414062500e-01 2.3242187500e-01 8.1054687500e-02
8.1054687500e-02 1.3183593750e-01 3.1054687500e-01 2.4414062500e-01 2.3242187500e-01
2.3242187500e-01 8.1054687500e-02 1.3183593750e-01 3.1054687500e-01 2.4414062500e-01
2.4414062500e-01 2.3242187500e-01 8.1054687500e-02 1.3183593750e-01 3.1054687500e-01
3.1054687500e-01 2.4414062500e-01 2.3242187500e-01 8.1054687500e-02 1.3183593750e-01
3.3300781250e-01 1.9531250000e-03 4.2968750000e-01 5.6640625000e-02 1.7871093750e-01
1.7871093750e-01 3.3300781250e-01 1.9531250000e-03 4.2968750000e-01 5.6640625000e-02
5.6640625000e-02 1.7871093750e-01 3.3300781250e-01 1.9531250000e-03 4.2968750000e-01
4.2968750000e-01 5.6640625000e-02 1.7871093750e-01 3.3300781250e-01 1.9531250000e-03
1.9531250000e-03 4.2968750000e-01 5.6640625000e-02 1.7871093750e-01 3.3300781250e-01
1.0937500000e-01 6.2500000000e-02 3.1250000000e-01 4.0625000000e-01 1.0937500000e-01
1.0937500000e-01 1.0937500000e-01 6.2500000000e-02 3.1250000000e-01 4.0625000000e-01
4.0625000000e-01 1.0937500000e-01 1.0937500000e-01 6.2500000000e-02 3.1250000000e-01
1.9140625000e-01 7.2265625000e-02 8.0078125000e-02 5.9375000000e-01 6.2500000000e-02
3.1250000000e-01 4.0625000000e-01 1.0937500000e-01 1.0937500000e-01 6.2500000000e-02
6.2500000000e-02 1.9140625000e-01 7.2265625000e-02 8.0078125000e-02 5.9375000000e-01
6.2500000000e-02 3.1250000000e-01 4.0625000000e-01 1.0937500000e-01 1.0937500000e-01
8.0078125000e-02 5.9375000000e-01 6.2500000000e-02 1.9140625000e-01 7.2265625000e-02
7.2265625000e-02 8.0078125000e-02 5.9375000000e-01 6.2500000000e-02 1.9140625000e-01
5.9375000000e-01 6.2500000000e-02 1.9140625000e-01 7.2265625000e-02 8.0078125000e-02
2.2070312500e-01 1.2500000000e-01 4.6875000000e-01 1.2890625000e-01 5.6640625000e-02
5.6640625000e-02 2.2070312500e-01 1.2500000000e-01 4.6875000000e-01 1.2890625000e-01
1.2890625000e-01 5.6640625000e-02 2.2070312500e-01 1.2500000000e-01 4.6875000000e-01
4.6875000000e-01 1.2890625000e-01 5.6640625000e-02 2.2070312500e-01 1.2500000000e-01
1.2500000000e-01 4.6875000000e-01 1.2890625000e-01 5.6640625000e-02 2.2070312500e-01
3.5449218750e-01 6.0546875000e-02 9.5703125000e-02 9.7656250000e-03 4.7949218750e-01
4.7949218750e-01 3.5449218750e-01 6.0546875000e-02 9.5703125000e-02 9.7656250000e-03
9.7656250000e-03 4.7949218750e-01 3.5449218750e-01 6.0546875000e-02 9.5703125000e-02
9.5703125000e-02 9.7656250000e-03 4.7949218750e-01 3.5449218750e-01 6.0546875000e-02
6.0546875000e-02 9.5703125000e-02 9.7656250000e-03 4.7949218750e-01 3.5449218750e-01
3.7109375000e-02 2.1484375000e-01 0.0000000000e+00 4.0625000000e-01 3.4179687500e-01
3.4179687500e-01 3.7109375000e-02 2.1484375000e-01 0.0000000000e+00 4.0625000000e-01
4.0625000000e-01 3.4179687500e-01 3.7109375000e-02 2.1484375000e-01 0.0000000000e+00
0.0000000000e+00 4.0625000000e-01 3.4179687500e-01 3.7109375000e-02 2.1484375000e-01
2.1484375000e-01 0.0000000000e+00 4.0625000000e-01 3.4179687500e-01 3.7109375000e-02
4.5898437500e-01 5.8593750000e-02 1.8750000000e-01 9.3750000000e-02 2.0117187500e-01
2.0117187500e-01 4.5898437500e-01 5.8593750000e-02 1.8750000000e-01 9.3750000000e-02
9.3750000000e-02 2.0117187500e-01 4.5898437500e-01 5.8593750000e-02 1.8750000000e-01
5.8593750000e-02 1.8750000000e-01 9.3750000000e-02 2.0117187500e-01 4.5898437500e-01
1.8750000000e-01 9.3750000000e-02 2.0117187500e-01 4.5898437500e-01 5.8593750000e-02
1.6308593750e-01 4.2773437500e-01 1.7578125000e-02 3.3007812500e-01 6.1523437500e-02
3.3007812500e-01 6.1523437500e-02 1.6308593750e-01 4.2773437500e-01 1.7578125000e-02
4.2773437500e-01 1.7578125000e-02 3.3007812500e-01 6.1523437500e-02 1.6308593750e-01
6.1523437500e-02 1.6308593750e-01 4.2773437500e-01 1.7578125000e-02 3.3007812500e-01
1.7578125000e-02 3.3007812500e-01 6.1523437500e-02 1.6308593750e-01 4.2773437500e-01
2.9687500000e-01 4.6875000000e-02 2.1875000000e-01 3.1250000000e-01 1.2500000000e-01
1.2500000000e-01 2.9687500000e-01 4.6875000000e-02 2.1875000000e-01 3.1250000000e-01
3.1250000000e-01 1.2500000000e-01 2.9687500000e-01 4.6875000000e-02 2.1875000000e-01
4.6875000000e-02 2.1875000000e-01 3.1250000000e-01 1.2500000000e-01 2.9687500000e-01
2.1875000000e-01 3.1250000000e-01 1.2500000000e-01 2.9687500000e-01 4.6875000000e-02
3.0566406250e-01 6.2500000000e-01 1.9531250000e-03 7.8125000000e-03 5.9570312500e-02
5.9570312500e-02 3.0566406250e-01 6.2500000000e-01 1.9531250000e-03 7.8125000000e-03
7.8125000000e-03 5.9570312500e-02 3.0566406250e-01 6.2500000000e-01 1.9531250000e-03
1.9531250000e-03 7.8125000000e-03 5.9570312500e-02 3.0566406250e-01 6.2500000000e-01
6.2500000000e-01 1.9531250000e-03 7.8125000000e-03 5.9570312500e-02 3.0566406250e-01
1.0156250000e-01 0.0000000000e+00 7.1875000000e-01 1.4062500000e-01 3.9062500000e-02
3.9062500000e-02 1.0156250000e-01 0.0000000000e+00 7.1875000000e-01 1.4062500000e-01
1.4062500000e-01 3.9062500000e-02 1.0156250000e-01 0.0000000000e+00 7.1875000000e-01
7.1875000000e-01 1.4062500000e-01 3.9062500000e-02 1.0156250000e-01 0.0000000000e+00
0.0000000000e+00 7.1875000000e-01 1.4062500000e-01 3.9062500000e-02 1.0156250000e-01
2.8906250000e-01 3.3984375000e-01 2.7734375000e-01 6.2500000000e-02 3.1250000000e-02
3.1250000000e-02 2.8906250000e-01 3.3984375000e-01 2.7734375000e-01 6.2500000000e-02
6.2500000000e-02 3.1250000000e-02 2.8906250000e-01 3.3984375000e-01 2.7734375000e-01
2.7734375000e-01 6.2500000000e-02 3.1250000000e-02 2.8906250000e-01 3.3984375000e-01
3.3984375000e-01 2.7734375000e-01 6.2500000000e-02 3.1250000000e-02 2.8906250000e-01
1.4257812500e-01 9.3750000000e-02 3.4375000000e-01 6.6406250000e-02 3.5351562500e-01
6.6406250000e-02 3.5351562500e-01 1.4257812500e-01 9.3750000000e-02 3.4375000000e-01
3.5351562500e-01 1.4257812500e-01 9.3750000000e-02 3.4375000000e-01 6.6406250000e-02
3.4375000000e-01 6.6406250000e-02 3.5351562500e-01 1.4257812500e-01 9.3750000000e-02
9.3750000000e-02 3.4375000000e-01 6.6406250000e-02 3.5351562500e-01 1.4257812500e-01
6.2500000000e-02 5.0000000000e-01 2.5000000000e-01 1.2500000000e-01 6.2500000000e-02
6.2500000000e-02 6.2500000000e-02 5.0000000000e-01 2.5000000000e-01 1.2500000000e-01
1.2500000000e-01 6.2500000000e-02 6.2500000000e-02 5.0000000000e-01 2.5000000000e-01
2.5000000000e-01 1.2500000000e-01 6.2500000000e-02 6.2500000000e-02 5.0000000000e-01
5.0000000000e-01 2.5000000000e-01 1.2500000000e-01 6.2500000000e-02 6.2500000000e-02
1.2207031250e-01 9.7656250000e-03 2.1289062500e-01 6.0742187500e-01 4.7851562500e-02
4.7851562500e-02 1.2207031250e-01 9.7656250000e-03 2.1289062500e-01 6.0742187500e-01
6.0742187500e-01 4.7851562500e-02 1.2207031250e-01 9.7656250000e-03 2.1289062500e-01
2.1289062500e-01 6.0742187500e-01 4.7851562500e-02 1.2207031250e-01 9.7656250000e-03
9.7656250000e-03 2.1289062500e-01 6.0742187500e-01 4.7851562500e-02 1.2207031250e-01
1.2792968750e-01 1.4843750000e-01 3.0273437500e-01 2.9687500000e-01 1.2402343750e-01
1.2402343750e-01 1.2792968750e-01 1.4843750000e-01 3.0273437500e-01 2.9687500000e-01
2.9687500000e-01 1.2402343750e-01 1.2792968750e-01 1.4843750000e-01 3.0273437500e-01
3.0273437500e-01 2.9687500000e-01 1.2402343750e-01 1.2792968750e-01 1.4843750000e-01
1.4843750000e-01 3.0273437500e-01 2.9687500000e-01 1.2402343750e-01 1.2792968750e-01
2.0117187500e-01 2.7343750000e-02 7.1875000000e-01 4.6875000000e-02 5.8593750000e-03
5.8593750000e-03 2.0117187500e-01 2.7343750000e-02 7.1875000000e-01 4.6875000000e-02
4.6875000000e-02 5.8593750000e-03 2.0117187500e-01 2.7343750000e-02 7.1875000000e-01
7.1875000000e-01 4.6875000000e-02 5.8593750000e-03 2.0117187500e-01 2.7343750000e-02
2.7343750000e-02 7.1875000000e-01 4.6875000000e-02 5.8593750000e-03 2.0117187500e-01
2.5390625000e-02 6.6406250000e-02 6.3671875000e-01 1.7187500000e-01 9.9609375000e-02
9.9609375000e-02 2.5390625000e-02 6.6406250000e-02 6.3671875000e-01 1.7187500000e-01
1.7187500000e-01 9.9609375000e-02 2.5390625000e-02 6.6406250000e-02 6.3671875000e-01
6.3671875000e-01 1.7187500000e-01 9.9609375000e-02 2.5390625000e-02 6.6406250000e-02
6.6406250000e-02 6.3671875000e-01 1.7187500000e-01 9.9609375000e-02 2.5390625000e-02
2.9687500000e-01 1.5625000000e-01 6.2500000000e-02 3.1250000000e-01 1.7187500000e-01
1.7187500000e-01 2.9687500000e-01 1.5625000000e-01 6.2500000000e-02 3.1250000000e-01
3.1250000000e-01 1.7187500000e-01 2.9687500000e-01 1.5625000000e-01 6.2500000000e-02
6.2500000000e-02 3.1250000000e-01 1.7187500000e-01 2.9687500000e-01 1.5625000000e-01
1.5625000000e-01 6.2500000000e-02 3.1250000000e-01 1.7187500000e-01 2.9687500000e-01
3.3203125000e-02 9.3750000000e-02 0.0000000000e+00 3.5156250000e-02 8.3789062500e-01
8.3789062500e-01 3.3203125000e-02 9.3750000000e-02 0.0000000000e+00 3.5156250000e-02
3.5156250000e-02 8.3789062500e-01 3.3203125000e-02 9.3750000000e-02 0.0000000000e+00
0.0000000000e+00 3.5156250000e-02 8.3789062500e-01 3.3203125000e-02 9.3750000000e-02
9.3750000000e-02 0.0000000000e+00 3.5156250000e-02 8.3789062500e-01 3.3203125000e-02
3.1347656250e-01 1.4062500000e-01 1.5820312500e-01 2.7343750000e-01 1.1425781250e-01
1.1425781250e-01 3.1347656250e-01 1.4062500000e-01 1.5820312500e-01 2.7343750000e-01
2.7343750000e-01 1.1425781250e-01 3.1347656250e-01 1.4062500000e-01 1.5820312500e-01
1.5820312500e-01 2.7343750000e-01 1.1425781250e-01 3.1347656250e-01 1.4062500000e-01
1.4062500000e-01 1.5820312500e-01 2.7343750000e-01 1.1425781250e-01 3.1347656250e-01
9.7656250000e-04 6.6992187500e-01 5.4687500000e-02 1.7773437500e-01 9.6679687500e-02
9.6679687500e-02 9.7656250000e-04 6.6992187500e-01 5.4687500000e-02 1.7773437500e-01
1.7773437500e-01 9.6679687500e-02 9.7656250000e-04 6.6992187500e-01 5.4687500000e-02
6.6992187500e-01 5.4687500000e-02 1.7773437500e-01 9.6679687500e-02 9.7656250000e-04
5.4687500000e-02 1.7773437500e-01 9.6679687500e-02 9.7656250000e-04 6.6992187500e-01
2.4414062500e-02 7.4218750000e-02 3.3203125000e-02 1.4843750000e-01 7.1972656250e-01
1.4843750000e-01 7.1972656250e-01 2.4414062500e-02 7.4218750000e-02 3.3203125000e-02
3.3203125000e-02 1.4843750000e-01 7.1972656250e-01 2.4414062500e-02 7.4218750000e-02
7.4218750000e-02 3.3203125000e-02 1.4843750000e-01 7.1972656250e-01 2.4414062500e-02
7.1972656250e-01 2.4414062500e-02 7.4218750000e-02 3.3203125000e-02 1.4843750000e-01
8.6914062500e-02 2.5195312500e-01 5.3125000000e-01 9.7656250000e-03 1.2011718750e-01
1.2011718750e-01 8.6914062500e-02 2.5195312500e-01 5.3125000000e-01 9.7656250000e-03
9.7656250000e-03 1.2011718750e-01 8.6914062500e-02 2.5195312500e-01 5.3125000000e-01
5.3125000000e-01 9.7656250000e-03 1.2011718750e-01 8.6914062500e-02 2.5195312500e-01
2.5195312500e-01 5.3125000000e-01 9.7656250000e-03 1.2011718750e-01 8.6914062500e-02
2.4414062500e-01 0.0000000000e+00 3.1640625000e-01 7.4218750000e-02 3.6523437500e-01
3.6523437500e-01 2.4414062500e-01 0.0000000000e+00 3.1640625000e-01 7.4218750000e-02
7.4218750000e-02 3.6523437500e-01 2.4414062500e-01 0.0000000000e+00 3.1640625000e-01
3.1640625000e-01 7.4218750000e-02 3.6523437500e-01 2.4414062500e-01 0.0000000000e+00
0.0000000000e+00 3.1640625000e-01 7.4218750000e-02 3.6523437500e-01 2.4414062500e-01
3.4570312500e-01 2.2460937500e-01 1.7578125000e-01 2.2265625000e-01 3.1250000000e-02
2.2460937500e-01 1.7578125000e-01 2.2265625000e-01 3.1250000000e-02 3.4570312500e-01
3.1250000000e-02 3.4570312500e-01 2.2460937500e-01 1.7578125000e-01 2.2265625000e-01
2.2265625000e-01 3.1250000000e-02 3.4570312500e-01 2.2460937500e-01 1.7578125000e-01
1.7578125000e-01 2.2265625000e-01 3.1250000000e-02 3.4570312500e-01 2.2460937500e-01
3.4082031250e-01 3.0273437500e-01 2.0117187500e-01 1.2695312500e-01 2.8320312500e-02
2.8320312500e-02 3.4082031250e-01 3.0273437500e-01 2.0117187500e-01 1.2695312500e-01
1.2695312500e-01 2.8320312500e-02 3.4082031250e-01 3.0273437500e-01 2.0117187500e-01
2.0117187500e-01 1.2695312500e-01 2.8320312500e-02 3.4082031250e-01 3.0273437500e-01
3.0273437500e-01 2.0117187500e-01 1.2695312500e-01 2.8320312500e-02 3.4082031250e-01
2.8320312500e-01 9.3750000000e-02 5.0000000000e-01 3.5156250000e-02 8.7890625000e-02
8.7890625000e-02 2.8320312500e-01 9.3750000000e-02 5.0000000000e-01 3.5156250000e-02
3.5156250000e-02 8.7890625000e-02 2.8320312500e-01 9.3750000000e-02 5.0000000000e-01
5.0000000000e-01 3.5156250000e-02 8.7890625000e-02 2.8320312500e-01 9.3750000000e-02
9.3750000000e-02 5.0000000000e-01 3.5156250000e-02 8.7890625000e-02 2.8320312500e-01
9.7656250000e-03 1.5625000000e-01 5.0390625000e-01 2.3046875000e-01 9.9609375000e-02
9.9609375000e-02 9.7656250000e-03 1.5625000000e-01 5.0390625000e-01 2.3046875000e-01
2.3046875000e-01 9.9609375000e-02 9.7656250000e-03 1.5625000000e-01 5.0390625000e-01
5.0390625000e-01 2.3046875000e-01 9.9609375000e-02 9.7656250000e-03 1.5625000000e-01
1.5625000000e-01 5.0390625000e-01 2.3046875000e-01 9.9609375000e-02 9.7656250000e-03
4.9316406250e-01 9.5703125000e-02 1.5625000000e-01 1.6601562500e-01 8.8867187500e-02
8.8867187500e-02 4.9316406250e-01 9.5703125000e-02 1.5625000000e-01 1.6601562500e-01
1.6601562500e-01 8.8867187500e-02 4.9316406250e-01 9.5703125000e-02 1.5625000000e-01
1.5625000000e-01 1.6601562500e-01 8.8867187500e-02 4.9316406250e-01 9.5703125000e-02
9.5703125000e-02 1.5625000000e-01 1.6601562500e-01 8.8867187500e-02 4.9316406250e-01
4.5214843750e-01 6.8359375000e-02 1.9531250000e-03 2.3632812500e-01 2.4121093750e-01
2.4121093750e-01 4.5214843750e-01 6.8359375000e-02 1.9531250000e-03 2.3632812500e-01
2.3632812500e-01 2.4121093750e-01 4.5214843750e-01 6.8359375000e-02 1.9531250000e-03
1.9531250000e-03 2.3632812500e-01 2.4121093750e-01 4.5214843750e-01 6.8359375000e-02
